#title: 2D gentle-slope B-scan v0.1; slope_rough; tx=20.5; terrain-follow 8m AGL
#domain: 36 0.05 31.5
#dx_dy_dz: 0.025 0.05 0.025
#time_window: 200e-9
#omp_threads: 2
#pml_cells: 80 0 40 80 0 40
#pml_formulation: HORIPML
#waveform: ricker 40 100e6 pulse
#hertzian_dipole: y 20.5 0.025 28.075 pulse
#rx: 21.8 0.025 28.075 r1 Ey
#material: 9 0.001 1 0 rock
#material: 11 0.001 1 0 cover
#add_dispersion_debye: 1 0.5 6.4567e-09 cover
#box: 0 0 0 12.075 0.05 19.275 rock
#box: 0 0 19.275 12.075 0.05 21.5 cover
#box: 12.075 0 0 12.225 0.05 19.275 rock
#box: 12.075 0 19.275 12.225 0.05 21.475 cover
#box: 12.225 0 0 12.25 0.05 19.275 rock
#box: 12.225 0 19.275 12.25 0.05 21.45 cover
#box: 12.25 0 0 12.375 0.05 19.25 rock
#box: 12.25 0 19.25 12.375 0.05 21.45 cover
#box: 12.375 0 0 12.525 0.05 19.25 rock
#box: 12.375 0 19.25 12.525 0.05 21.425 cover
#box: 12.525 0 0 12.55 0.05 19.25 rock
#box: 12.525 0 19.25 12.55 0.05 21.4 cover
#box: 12.55 0 0 12.675 0.05 19.225 rock
#box: 12.55 0 19.225 12.675 0.05 21.4 cover
#box: 12.675 0 0 12.825 0.05 19.225 rock
#box: 12.675 0 19.225 12.825 0.05 21.375 cover
#box: 12.825 0 0 12.85 0.05 19.225 rock
#box: 12.825 0 19.225 12.85 0.05 21.35 cover
#box: 12.85 0 0 12.975 0.05 19.2 rock
#box: 12.85 0 19.2 12.975 0.05 21.35 cover
#box: 12.975 0 0 13.125 0.05 19.2 rock
#box: 12.975 0 19.2 13.125 0.05 21.325 cover
#box: 13.125 0 0 13.15 0.05 19.2 rock
#box: 13.125 0 19.2 13.15 0.05 21.3 cover
#box: 13.15 0 0 13.25 0.05 19.175 rock
#box: 13.15 0 19.175 13.25 0.05 21.3 cover
#box: 13.25 0 0 13.275 0.05 19.075 rock
#box: 13.25 0 19.075 13.275 0.05 21.3 cover
#box: 13.275 0 0 13.425 0.05 19.075 rock
#box: 13.275 0 19.075 13.425 0.05 21.275 cover
#box: 13.425 0 0 13.45 0.05 19.075 rock
#box: 13.425 0 19.075 13.45 0.05 21.25 cover
#box: 13.45 0 0 13.575 0.05 19.05 rock
#box: 13.45 0 19.05 13.575 0.05 21.25 cover
#box: 13.575 0 0 13.725 0.05 19.05 rock
#box: 13.575 0 19.05 13.725 0.05 21.225 cover
#box: 13.725 0 0 13.75 0.05 19.05 rock
#box: 13.725 0 19.05 13.75 0.05 21.2 cover
#box: 13.75 0 0 13.875 0.05 18.925 rock
#box: 13.75 0 18.925 13.875 0.05 21.2 cover
#box: 13.875 0 0 14.025 0.05 18.925 rock
#box: 13.875 0 18.925 14.025 0.05 21.175 cover
#box: 14.025 0 0 14.05 0.05 18.925 rock
#box: 14.025 0 18.925 14.05 0.05 21.15 cover
#box: 14.05 0 0 14.175 0.05 18.9 rock
#box: 14.05 0 18.9 14.175 0.05 21.15 cover
#box: 14.175 0 0 14.325 0.05 18.9 rock
#box: 14.175 0 18.9 14.325 0.05 21.125 cover
#box: 14.325 0 0 14.35 0.05 18.9 rock
#box: 14.325 0 18.9 14.35 0.05 21.1 cover
#box: 14.35 0 0 14.475 0.05 18.875 rock
#box: 14.35 0 18.875 14.475 0.05 21.1 cover
#box: 14.475 0 0 14.625 0.05 18.875 rock
#box: 14.475 0 18.875 14.625 0.05 21.075 cover
#box: 14.625 0 0 14.65 0.05 18.875 rock
#box: 14.625 0 18.875 14.65 0.05 21.05 cover
#box: 14.65 0 0 14.75 0.05 18.85 rock
#box: 14.65 0 18.85 14.75 0.05 21.05 cover
#box: 14.75 0 0 14.775 0.05 18.95 rock
#box: 14.75 0 18.95 14.775 0.05 21.05 cover
#box: 14.775 0 0 14.925 0.05 18.95 rock
#box: 14.775 0 18.95 14.925 0.05 21.025 cover
#box: 14.925 0 0 14.95 0.05 18.95 rock
#box: 14.925 0 18.95 14.95 0.05 21 cover
#box: 14.95 0 0 15.075 0.05 18.925 rock
#box: 14.95 0 18.925 15.075 0.05 21 cover
#box: 15.075 0 0 15.225 0.05 18.925 rock
#box: 15.075 0 18.925 15.225 0.05 20.975 cover
#box: 15.225 0 0 15.25 0.05 18.925 rock
#box: 15.225 0 18.925 15.25 0.05 20.95 cover
#box: 15.25 0 0 15.375 0.05 19 rock
#box: 15.25 0 19 15.375 0.05 20.95 cover
#box: 15.375 0 0 15.5 0.05 19 rock
#box: 15.375 0 19 15.5 0.05 20.925 cover
#box: 15.5 0 0 15.525 0.05 19.1 rock
#box: 15.5 0 19.1 15.525 0.05 20.925 cover
#box: 15.525 0 0 15.55 0.05 19.1 rock
#box: 15.525 0 19.1 15.55 0.05 20.9 cover
#box: 15.55 0 0 15.675 0.05 19.075 rock
#box: 15.55 0 19.075 15.675 0.05 20.9 cover
#box: 15.675 0 0 15.75 0.05 19.075 rock
#box: 15.675 0 19.075 15.75 0.05 20.875 cover
#box: 15.75 0 0 15.825 0.05 19.175 rock
#box: 15.75 0 19.175 15.825 0.05 20.875 cover
#box: 15.825 0 0 15.85 0.05 19.175 rock
#box: 15.825 0 19.175 15.85 0.05 20.85 cover
#box: 15.85 0 0 15.975 0.05 19.15 rock
#box: 15.85 0 19.15 15.975 0.05 20.85 cover
#box: 15.975 0 0 16 0.05 19.15 rock
#box: 15.975 0 19.15 16 0.05 20.825 cover
#box: 16 0 0 16.125 0.05 19.25 rock
#box: 16 0 19.25 16.125 0.05 20.825 cover
#box: 16.125 0 0 16.15 0.05 19.25 rock
#box: 16.125 0 19.25 16.15 0.05 20.8 cover
#box: 16.15 0 0 16.25 0.05 19.225 rock
#box: 16.15 0 19.225 16.25 0.05 20.8 cover
#box: 16.25 0 0 16.275 0.05 19.325 rock
#box: 16.25 0 19.325 16.275 0.05 20.8 cover
#box: 16.275 0 0 16.425 0.05 19.325 rock
#box: 16.275 0 19.325 16.425 0.05 20.775 cover
#box: 16.425 0 0 16.45 0.05 19.325 rock
#box: 16.425 0 19.325 16.45 0.05 20.75 cover
#box: 16.45 0 0 16.5 0.05 19.3 rock
#box: 16.45 0 19.3 16.5 0.05 20.75 cover
#box: 16.5 0 0 16.575 0.05 19.4 rock
#box: 16.5 0 19.4 16.575 0.05 20.75 cover
#box: 16.575 0 0 16.725 0.05 19.4 rock
#box: 16.575 0 19.4 16.725 0.05 20.725 cover
#box: 16.725 0 0 16.75 0.05 19.4 rock
#box: 16.725 0 19.4 16.75 0.05 20.7 cover
#box: 16.75 0 0 16.875 0.05 19.375 rock
#box: 16.75 0 19.375 16.875 0.05 20.7 cover
#box: 16.875 0 0 17 0.05 19.375 rock
#box: 16.875 0 19.375 17 0.05 20.675 cover
#box: 17 0 0 17.025 0.05 19.475 rock
#box: 17 0 19.475 17.025 0.05 20.675 cover
#box: 17.025 0 0 17.05 0.05 19.475 rock
#box: 17.025 0 19.475 17.05 0.05 20.65 cover
#box: 17.05 0 0 17.175 0.05 19.45 rock
#box: 17.05 0 19.45 17.175 0.05 20.65 cover
#box: 17.175 0 0 17.325 0.05 19.45 rock
#box: 17.175 0 19.45 17.325 0.05 20.625 cover
#box: 17.325 0 0 17.35 0.05 19.45 rock
#box: 17.325 0 19.45 17.35 0.05 20.6 cover
#box: 17.35 0 0 17.475 0.05 19.425 rock
#box: 17.35 0 19.425 17.475 0.05 20.6 cover
#box: 17.475 0 0 17.625 0.05 19.425 rock
#box: 17.475 0 19.425 17.625 0.05 20.575 cover
#box: 17.625 0 0 17.65 0.05 19.425 rock
#box: 17.625 0 19.425 17.65 0.05 20.55 cover
#box: 17.65 0 0 17.775 0.05 19.4 rock
#box: 17.65 0 19.4 17.775 0.05 20.55 cover
#box: 17.775 0 0 17.925 0.05 19.4 rock
#box: 17.775 0 19.4 17.925 0.05 20.525 cover
#box: 17.925 0 0 17.95 0.05 19.4 rock
#box: 17.925 0 19.4 17.95 0.05 20.5 cover
#box: 17.95 0 0 18.075 0.05 19.375 rock
#box: 17.95 0 19.375 18.075 0.05 20.5 cover
#box: 18.075 0 0 18.225 0.05 19.375 rock
#box: 18.075 0 19.375 18.225 0.05 20.475 cover
#box: 18.225 0 0 18.25 0.05 19.375 rock
#box: 18.225 0 19.375 18.25 0.05 20.45 cover
#box: 18.25 0 0 18.375 0.05 19.35 rock
#box: 18.25 0 19.35 18.375 0.05 20.45 cover
#box: 18.375 0 0 18.5 0.05 19.35 rock
#box: 18.375 0 19.35 18.5 0.05 20.425 cover
#box: 18.5 0 0 18.525 0.05 19.25 rock
#box: 18.5 0 19.25 18.525 0.05 20.425 cover
#box: 18.525 0 0 18.55 0.05 19.25 rock
#box: 18.525 0 19.25 18.55 0.05 20.4 cover
#box: 18.55 0 0 18.675 0.05 19.225 rock
#box: 18.55 0 19.225 18.675 0.05 20.4 cover
#box: 18.675 0 0 18.825 0.05 19.225 rock
#box: 18.675 0 19.225 18.825 0.05 20.375 cover
#box: 18.825 0 0 18.85 0.05 19.225 rock
#box: 18.825 0 19.225 18.85 0.05 20.35 cover
#box: 18.85 0 0 18.975 0.05 19.2 rock
#box: 18.85 0 19.2 18.975 0.05 20.35 cover
#box: 18.975 0 0 19 0.05 19.2 rock
#box: 18.975 0 19.2 19 0.05 20.325 cover
#box: 19 0 0 19.125 0.05 19.1 rock
#box: 19 0 19.1 19.125 0.05 20.325 cover
#box: 19.125 0 0 19.15 0.05 19.1 rock
#box: 19.125 0 19.1 19.15 0.05 20.3 cover
#box: 19.15 0 0 19.275 0.05 19.075 rock
#box: 19.15 0 19.075 19.275 0.05 20.3 cover
#box: 19.275 0 0 19.425 0.05 19.075 rock
#box: 19.275 0 19.075 19.425 0.05 20.275 cover
#box: 19.425 0 0 19.45 0.05 19.075 rock
#box: 19.425 0 19.075 19.45 0.05 20.25 cover
#box: 19.45 0 0 19.5 0.05 19.05 rock
#box: 19.45 0 19.05 19.5 0.05 20.25 cover
#box: 19.5 0 0 19.575 0.05 18.95 rock
#box: 19.5 0 18.95 19.575 0.05 20.25 cover
#box: 19.575 0 0 19.725 0.05 18.95 rock
#box: 19.575 0 18.95 19.725 0.05 20.225 cover
#box: 19.725 0 0 19.75 0.05 18.95 rock
#box: 19.725 0 18.95 19.75 0.05 20.2 cover
#box: 19.75 0 0 19.875 0.05 18.825 rock
#box: 19.75 0 18.825 19.875 0.05 20.2 cover
#box: 19.875 0 0 20.025 0.05 18.825 rock
#box: 19.875 0 18.825 20.025 0.05 20.175 cover
#box: 20.025 0 0 20.05 0.05 18.825 rock
#box: 20.025 0 18.825 20.05 0.05 20.15 cover
#box: 20.05 0 0 20.175 0.05 18.8 rock
#box: 20.05 0 18.8 20.175 0.05 20.15 cover
#box: 20.175 0 0 20.25 0.05 18.8 rock
#box: 20.175 0 18.8 20.25 0.05 20.125 cover
#box: 20.25 0 0 20.325 0.05 18.7 rock
#box: 20.25 0 18.7 20.325 0.05 20.125 cover
#box: 20.325 0 0 20.35 0.05 18.7 rock
#box: 20.325 0 18.7 20.35 0.05 20.1 cover
#box: 20.35 0 0 20.475 0.05 18.675 rock
#box: 20.35 0 18.675 20.475 0.05 20.1 cover
#box: 20.475 0 0 20.625 0.05 18.675 rock
#box: 20.475 0 18.675 20.625 0.05 20.075 cover
#box: 20.625 0 0 20.65 0.05 18.675 rock
#box: 20.625 0 18.675 20.65 0.05 20.05 cover
#box: 20.65 0 0 20.775 0.05 18.65 rock
#box: 20.65 0 18.65 20.775 0.05 20.05 cover
#box: 20.775 0 0 20.925 0.05 18.65 rock
#box: 20.775 0 18.65 20.925 0.05 20.025 cover
#box: 20.925 0 0 20.95 0.05 18.65 rock
#box: 20.925 0 18.65 20.95 0.05 20 cover
#box: 20.95 0 0 21.075 0.05 18.625 rock
#box: 20.95 0 18.625 21.075 0.05 20 cover
#box: 21.075 0 0 21.225 0.05 18.625 rock
#box: 21.075 0 18.625 21.225 0.05 19.975 cover
#box: 21.225 0 0 21.25 0.05 18.625 rock
#box: 21.225 0 18.625 21.25 0.05 19.95 cover
#box: 21.25 0 0 21.375 0.05 18.6 rock
#box: 21.25 0 18.6 21.375 0.05 19.95 cover
#box: 21.375 0 0 21.525 0.05 18.6 rock
#box: 21.375 0 18.6 21.525 0.05 19.925 cover
#box: 21.525 0 0 21.55 0.05 18.6 rock
#box: 21.525 0 18.6 21.55 0.05 19.9 cover
#box: 21.55 0 0 21.675 0.05 18.575 rock
#box: 21.55 0 18.575 21.675 0.05 19.9 cover
#box: 21.675 0 0 21.825 0.05 18.575 rock
#box: 21.675 0 18.575 21.825 0.05 19.875 cover
#box: 21.825 0 0 21.85 0.05 18.575 rock
#box: 21.825 0 18.575 21.85 0.05 19.85 cover
#box: 21.85 0 0 21.975 0.05 18.55 rock
#box: 21.85 0 18.55 21.975 0.05 19.85 cover
#box: 21.975 0 0 22 0.05 18.55 rock
#box: 21.975 0 18.55 22 0.05 19.825 cover
#box: 22 0 0 22.125 0.05 18.65 rock
#box: 22 0 18.65 22.125 0.05 19.825 cover
#box: 22.125 0 0 22.15 0.05 18.65 rock
#box: 22.125 0 18.65 22.15 0.05 19.8 cover
#box: 22.15 0 0 22.25 0.05 18.625 rock
#box: 22.15 0 18.625 22.25 0.05 19.8 cover
#box: 22.25 0 0 22.275 0.05 18.725 rock
#box: 22.25 0 18.725 22.275 0.05 19.8 cover
#box: 22.275 0 0 22.425 0.05 18.725 rock
#box: 22.275 0 18.725 22.425 0.05 19.775 cover
#box: 22.425 0 0 22.45 0.05 18.725 rock
#box: 22.425 0 18.725 22.45 0.05 19.75 cover
#box: 22.45 0 0 22.575 0.05 18.7 rock
#box: 22.45 0 18.7 22.575 0.05 19.75 cover
#box: 22.575 0 0 22.725 0.05 18.7 rock
#box: 22.575 0 18.7 22.725 0.05 19.725 cover
#box: 22.725 0 0 22.75 0.05 18.7 rock
#box: 22.725 0 18.7 22.75 0.05 19.7 cover
#box: 22.75 0 0 22.875 0.05 18.775 rock
#box: 22.75 0 18.775 22.875 0.05 19.7 cover
#box: 22.875 0 0 23.025 0.05 18.775 rock
#box: 22.875 0 18.775 23.025 0.05 19.675 cover
#box: 23.025 0 0 23.05 0.05 18.775 rock
#box: 23.025 0 18.775 23.05 0.05 19.65 cover
#box: 23.05 0 0 23.175 0.05 18.75 rock
#box: 23.05 0 18.75 23.175 0.05 19.65 cover
#box: 23.175 0 0 23.325 0.05 18.75 rock
#box: 23.175 0 18.75 23.325 0.05 19.625 cover
#box: 23.325 0 0 23.35 0.05 18.75 rock
#box: 23.325 0 18.75 23.35 0.05 19.6 cover
#box: 23.35 0 0 23.475 0.05 18.725 rock
#box: 23.35 0 18.725 23.475 0.05 19.6 cover
#box: 23.475 0 0 23.625 0.05 18.725 rock
#box: 23.475 0 18.725 23.625 0.05 19.575 cover
#box: 23.625 0 0 23.65 0.05 18.725 rock
#box: 23.625 0 18.725 23.65 0.05 19.55 cover
#box: 23.65 0 0 23.775 0.05 18.7 rock
#box: 23.65 0 18.7 23.775 0.05 19.55 cover
#box: 23.775 0 0 23.925 0.05 18.7 rock
#box: 23.775 0 18.7 23.925 0.05 19.525 cover
#box: 23.925 0 0 23.95 0.05 18.7 rock
#box: 23.925 0 18.7 23.95 0.05 19.5 cover
#box: 23.95 0 0 36 0.05 18.675 rock
#box: 23.95 0 18.675 36 0.05 19.5 cover
