#title: 2D gentle-slope B-scan v0.1 fine grid; slope_rough; tx=18; terrain-follow 2m AGL
#domain: 36 0.05 31.5
#dx_dy_dz: 0.0125 0.05 0.0125
#time_window: 200e-9
#omp_threads: 2
#pml_cells: 160 0 80 160 0 80
#pml_formulation: HORIPML
#waveform: ricker 80 100e6 pulse
#hertzian_dipole: y 18 0.025 22.5 pulse
#rx: 19.3 0.025 22.5 r1 Ey
#material: 9 0.001 1 0 rock
#material: 11 0.001 1 0 cover
#add_dispersion_debye: 1 0.5 6.4567e-09 cover
#box: 0 0 0 12.025 0.05 19.2875 rock
#box: 0 0 19.2875 12.025 0.05 21.5 cover
#box: 12.025 0 0 12.0375 0.05 19.275 rock
#box: 12.025 0 19.275 12.0375 0.05 21.5 cover
#box: 12.0375 0 0 12.1125 0.05 19.275 rock
#box: 12.0375 0 19.275 12.1125 0.05 21.4875 cover
#box: 12.1125 0 0 12.175 0.05 19.275 rock
#box: 12.1125 0 19.275 12.175 0.05 21.475 cover
#box: 12.175 0 0 12.1875 0.05 19.2625 rock
#box: 12.175 0 19.2625 12.1875 0.05 21.475 cover
#box: 12.1875 0 0 12.2625 0.05 19.2625 rock
#box: 12.1875 0 19.2625 12.2625 0.05 21.4625 cover
#box: 12.2625 0 0 12.325 0.05 19.2625 rock
#box: 12.2625 0 19.2625 12.325 0.05 21.45 cover
#box: 12.325 0 0 12.3375 0.05 19.25 rock
#box: 12.325 0 19.25 12.3375 0.05 21.45 cover
#box: 12.3375 0 0 12.4125 0.05 19.25 rock
#box: 12.3375 0 19.25 12.4125 0.05 21.4375 cover
#box: 12.4125 0 0 12.475 0.05 19.25 rock
#box: 12.4125 0 19.25 12.475 0.05 21.425 cover
#box: 12.475 0 0 12.4875 0.05 19.2375 rock
#box: 12.475 0 19.2375 12.4875 0.05 21.425 cover
#box: 12.4875 0 0 12.5625 0.05 19.2375 rock
#box: 12.4875 0 19.2375 12.5625 0.05 21.4125 cover
#box: 12.5625 0 0 12.625 0.05 19.2375 rock
#box: 12.5625 0 19.2375 12.625 0.05 21.4 cover
#box: 12.625 0 0 12.6375 0.05 19.225 rock
#box: 12.625 0 19.225 12.6375 0.05 21.4 cover
#box: 12.6375 0 0 12.7125 0.05 19.225 rock
#box: 12.6375 0 19.225 12.7125 0.05 21.3875 cover
#box: 12.7125 0 0 12.775 0.05 19.225 rock
#box: 12.7125 0 19.225 12.775 0.05 21.375 cover
#box: 12.775 0 0 12.7875 0.05 19.2125 rock
#box: 12.775 0 19.2125 12.7875 0.05 21.375 cover
#box: 12.7875 0 0 12.8625 0.05 19.2125 rock
#box: 12.7875 0 19.2125 12.8625 0.05 21.3625 cover
#box: 12.8625 0 0 12.925 0.05 19.2125 rock
#box: 12.8625 0 19.2125 12.925 0.05 21.35 cover
#box: 12.925 0 0 12.9375 0.05 19.2 rock
#box: 12.925 0 19.2 12.9375 0.05 21.35 cover
#box: 12.9375 0 0 13.0125 0.05 19.2 rock
#box: 12.9375 0 19.2 13.0125 0.05 21.3375 cover
#box: 13.0125 0 0 13.075 0.05 19.2 rock
#box: 13.0125 0 19.2 13.075 0.05 21.325 cover
#box: 13.075 0 0 13.0875 0.05 19.1875 rock
#box: 13.075 0 19.1875 13.0875 0.05 21.325 cover
#box: 13.0875 0 0 13.1625 0.05 19.1875 rock
#box: 13.0875 0 19.1875 13.1625 0.05 21.3125 cover
#box: 13.1625 0 0 13.225 0.05 19.1875 rock
#box: 13.1625 0 19.1875 13.225 0.05 21.3 cover
#box: 13.225 0 0 13.2375 0.05 19.175 rock
#box: 13.225 0 19.175 13.2375 0.05 21.3 cover
#box: 13.2375 0 0 13.25 0.05 19.175 rock
#box: 13.2375 0 19.175 13.25 0.05 21.2875 cover
#box: 13.25 0 0 13.3125 0.05 19.075 rock
#box: 13.25 0 19.075 13.3125 0.05 21.2875 cover
#box: 13.3125 0 0 13.375 0.05 19.075 rock
#box: 13.3125 0 19.075 13.375 0.05 21.275 cover
#box: 13.375 0 0 13.3875 0.05 19.0625 rock
#box: 13.375 0 19.0625 13.3875 0.05 21.275 cover
#box: 13.3875 0 0 13.4625 0.05 19.0625 rock
#box: 13.3875 0 19.0625 13.4625 0.05 21.2625 cover
#box: 13.4625 0 0 13.525 0.05 19.0625 rock
#box: 13.4625 0 19.0625 13.525 0.05 21.25 cover
#box: 13.525 0 0 13.5375 0.05 19.05 rock
#box: 13.525 0 19.05 13.5375 0.05 21.25 cover
#box: 13.5375 0 0 13.6125 0.05 19.05 rock
#box: 13.5375 0 19.05 13.6125 0.05 21.2375 cover
#box: 13.6125 0 0 13.675 0.05 19.05 rock
#box: 13.6125 0 19.05 13.675 0.05 21.225 cover
#box: 13.675 0 0 13.6875 0.05 19.0375 rock
#box: 13.675 0 19.0375 13.6875 0.05 21.225 cover
#box: 13.6875 0 0 13.75 0.05 19.0375 rock
#box: 13.6875 0 19.0375 13.75 0.05 21.2125 cover
#box: 13.75 0 0 13.7625 0.05 18.9375 rock
#box: 13.75 0 18.9375 13.7625 0.05 21.2125 cover
#box: 13.7625 0 0 13.825 0.05 18.9375 rock
#box: 13.7625 0 18.9375 13.825 0.05 21.2 cover
#box: 13.825 0 0 13.8375 0.05 18.925 rock
#box: 13.825 0 18.925 13.8375 0.05 21.2 cover
#box: 13.8375 0 0 13.9125 0.05 18.925 rock
#box: 13.8375 0 18.925 13.9125 0.05 21.1875 cover
#box: 13.9125 0 0 13.975 0.05 18.925 rock
#box: 13.9125 0 18.925 13.975 0.05 21.175 cover
#box: 13.975 0 0 13.9875 0.05 18.9125 rock
#box: 13.975 0 18.9125 13.9875 0.05 21.175 cover
#box: 13.9875 0 0 14.0625 0.05 18.9125 rock
#box: 13.9875 0 18.9125 14.0625 0.05 21.1625 cover
#box: 14.0625 0 0 14.125 0.05 18.9125 rock
#box: 14.0625 0 18.9125 14.125 0.05 21.15 cover
#box: 14.125 0 0 14.1375 0.05 18.9 rock
#box: 14.125 0 18.9 14.1375 0.05 21.15 cover
#box: 14.1375 0 0 14.2125 0.05 18.9 rock
#box: 14.1375 0 18.9 14.2125 0.05 21.1375 cover
#box: 14.2125 0 0 14.275 0.05 18.9 rock
#box: 14.2125 0 18.9 14.275 0.05 21.125 cover
#box: 14.275 0 0 14.2875 0.05 18.8875 rock
#box: 14.275 0 18.8875 14.2875 0.05 21.125 cover
#box: 14.2875 0 0 14.3625 0.05 18.8875 rock
#box: 14.2875 0 18.8875 14.3625 0.05 21.1125 cover
#box: 14.3625 0 0 14.425 0.05 18.8875 rock
#box: 14.3625 0 18.8875 14.425 0.05 21.1 cover
#box: 14.425 0 0 14.4375 0.05 18.875 rock
#box: 14.425 0 18.875 14.4375 0.05 21.1 cover
#box: 14.4375 0 0 14.5125 0.05 18.875 rock
#box: 14.4375 0 18.875 14.5125 0.05 21.0875 cover
#box: 14.5125 0 0 14.575 0.05 18.875 rock
#box: 14.5125 0 18.875 14.575 0.05 21.075 cover
#box: 14.575 0 0 14.5875 0.05 18.8625 rock
#box: 14.575 0 18.8625 14.5875 0.05 21.075 cover
#box: 14.5875 0 0 14.6625 0.05 18.8625 rock
#box: 14.5875 0 18.8625 14.6625 0.05 21.0625 cover
#box: 14.6625 0 0 14.725 0.05 18.8625 rock
#box: 14.6625 0 18.8625 14.725 0.05 21.05 cover
#box: 14.725 0 0 14.7375 0.05 18.85 rock
#box: 14.725 0 18.85 14.7375 0.05 21.05 cover
#box: 14.7375 0 0 14.75 0.05 18.85 rock
#box: 14.7375 0 18.85 14.75 0.05 21.0375 cover
#box: 14.75 0 0 14.8125 0.05 18.95 rock
#box: 14.75 0 18.95 14.8125 0.05 21.0375 cover
#box: 14.8125 0 0 14.875 0.05 18.95 rock
#box: 14.8125 0 18.95 14.875 0.05 21.025 cover
#box: 14.875 0 0 14.8875 0.05 18.9375 rock
#box: 14.875 0 18.9375 14.8875 0.05 21.025 cover
#box: 14.8875 0 0 14.9625 0.05 18.9375 rock
#box: 14.8875 0 18.9375 14.9625 0.05 21.0125 cover
#box: 14.9625 0 0 15.025 0.05 18.9375 rock
#box: 14.9625 0 18.9375 15.025 0.05 21 cover
#box: 15.025 0 0 15.0375 0.05 18.925 rock
#box: 15.025 0 18.925 15.0375 0.05 21 cover
#box: 15.0375 0 0 15.1125 0.05 18.925 rock
#box: 15.0375 0 18.925 15.1125 0.05 20.9875 cover
#box: 15.1125 0 0 15.175 0.05 18.925 rock
#box: 15.1125 0 18.925 15.175 0.05 20.975 cover
#box: 15.175 0 0 15.1875 0.05 18.9125 rock
#box: 15.175 0 18.9125 15.1875 0.05 20.975 cover
#box: 15.1875 0 0 15.25 0.05 18.9125 rock
#box: 15.1875 0 18.9125 15.25 0.05 20.9625 cover
#box: 15.25 0 0 15.2625 0.05 19.0125 rock
#box: 15.25 0 19.0125 15.2625 0.05 20.9625 cover
#box: 15.2625 0 0 15.325 0.05 19.0125 rock
#box: 15.2625 0 19.0125 15.325 0.05 20.95 cover
#box: 15.325 0 0 15.3375 0.05 19 rock
#box: 15.325 0 19 15.3375 0.05 20.95 cover
#box: 15.3375 0 0 15.4125 0.05 19 rock
#box: 15.3375 0 19 15.4125 0.05 20.9375 cover
#box: 15.4125 0 0 15.475 0.05 19 rock
#box: 15.4125 0 19 15.475 0.05 20.925 cover
#box: 15.475 0 0 15.4875 0.05 18.9875 rock
#box: 15.475 0 18.9875 15.4875 0.05 20.925 cover
#box: 15.4875 0 0 15.5 0.05 18.9875 rock
#box: 15.4875 0 18.9875 15.5 0.05 20.9125 cover
#box: 15.5 0 0 15.5625 0.05 19.0875 rock
#box: 15.5 0 19.0875 15.5625 0.05 20.9125 cover
#box: 15.5625 0 0 15.625 0.05 19.0875 rock
#box: 15.5625 0 19.0875 15.625 0.05 20.9 cover
#box: 15.625 0 0 15.6375 0.05 19.075 rock
#box: 15.625 0 19.075 15.6375 0.05 20.9 cover
#box: 15.6375 0 0 15.7125 0.05 19.075 rock
#box: 15.6375 0 19.075 15.7125 0.05 20.8875 cover
#box: 15.7125 0 0 15.75 0.05 19.075 rock
#box: 15.7125 0 19.075 15.75 0.05 20.875 cover
#box: 15.75 0 0 15.775 0.05 19.175 rock
#box: 15.75 0 19.175 15.775 0.05 20.875 cover
#box: 15.775 0 0 15.7875 0.05 19.1625 rock
#box: 15.775 0 19.1625 15.7875 0.05 20.875 cover
#box: 15.7875 0 0 15.8625 0.05 19.1625 rock
#box: 15.7875 0 19.1625 15.8625 0.05 20.8625 cover
#box: 15.8625 0 0 15.925 0.05 19.1625 rock
#box: 15.8625 0 19.1625 15.925 0.05 20.85 cover
#box: 15.925 0 0 15.9375 0.05 19.15 rock
#box: 15.925 0 19.15 15.9375 0.05 20.85 cover
#box: 15.9375 0 0 16 0.05 19.15 rock
#box: 15.9375 0 19.15 16 0.05 20.8375 cover
#box: 16 0 0 16.0125 0.05 19.25 rock
#box: 16 0 19.25 16.0125 0.05 20.8375 cover
#box: 16.0125 0 0 16.075 0.05 19.25 rock
#box: 16.0125 0 19.25 16.075 0.05 20.825 cover
#box: 16.075 0 0 16.0875 0.05 19.2375 rock
#box: 16.075 0 19.2375 16.0875 0.05 20.825 cover
#box: 16.0875 0 0 16.1625 0.05 19.2375 rock
#box: 16.0875 0 19.2375 16.1625 0.05 20.8125 cover
#box: 16.1625 0 0 16.225 0.05 19.2375 rock
#box: 16.1625 0 19.2375 16.225 0.05 20.8 cover
#box: 16.225 0 0 16.2375 0.05 19.225 rock
#box: 16.225 0 19.225 16.2375 0.05 20.8 cover
#box: 16.2375 0 0 16.25 0.05 19.225 rock
#box: 16.2375 0 19.225 16.25 0.05 20.7875 cover
#box: 16.25 0 0 16.3125 0.05 19.325 rock
#box: 16.25 0 19.325 16.3125 0.05 20.7875 cover
#box: 16.3125 0 0 16.375 0.05 19.325 rock
#box: 16.3125 0 19.325 16.375 0.05 20.775 cover
#box: 16.375 0 0 16.3875 0.05 19.3125 rock
#box: 16.375 0 19.3125 16.3875 0.05 20.775 cover
#box: 16.3875 0 0 16.4625 0.05 19.3125 rock
#box: 16.3875 0 19.3125 16.4625 0.05 20.7625 cover
#box: 16.4625 0 0 16.5 0.05 19.3125 rock
#box: 16.4625 0 19.3125 16.5 0.05 20.75 cover
#box: 16.5 0 0 16.525 0.05 19.4125 rock
#box: 16.5 0 19.4125 16.525 0.05 20.75 cover
#box: 16.525 0 0 16.5375 0.05 19.4 rock
#box: 16.525 0 19.4 16.5375 0.05 20.75 cover
#box: 16.5375 0 0 16.6125 0.05 19.4 rock
#box: 16.5375 0 19.4 16.6125 0.05 20.7375 cover
#box: 16.6125 0 0 16.675 0.05 19.4 rock
#box: 16.6125 0 19.4 16.675 0.05 20.725 cover
#box: 16.675 0 0 16.6875 0.05 19.3875 rock
#box: 16.675 0 19.3875 16.6875 0.05 20.725 cover
#box: 16.6875 0 0 16.7625 0.05 19.3875 rock
#box: 16.6875 0 19.3875 16.7625 0.05 20.7125 cover
#box: 16.7625 0 0 16.825 0.05 19.3875 rock
#box: 16.7625 0 19.3875 16.825 0.05 20.7 cover
#box: 16.825 0 0 16.8375 0.05 19.375 rock
#box: 16.825 0 19.375 16.8375 0.05 20.7 cover
#box: 16.8375 0 0 16.9125 0.05 19.375 rock
#box: 16.8375 0 19.375 16.9125 0.05 20.6875 cover
#box: 16.9125 0 0 16.975 0.05 19.375 rock
#box: 16.9125 0 19.375 16.975 0.05 20.675 cover
#box: 16.975 0 0 16.9875 0.05 19.3625 rock
#box: 16.975 0 19.3625 16.9875 0.05 20.675 cover
#box: 16.9875 0 0 17 0.05 19.3625 rock
#box: 16.9875 0 19.3625 17 0.05 20.6625 cover
#box: 17 0 0 17.0625 0.05 19.4625 rock
#box: 17 0 19.4625 17.0625 0.05 20.6625 cover
#box: 17.0625 0 0 17.125 0.05 19.4625 rock
#box: 17.0625 0 19.4625 17.125 0.05 20.65 cover
#box: 17.125 0 0 17.1375 0.05 19.45 rock
#box: 17.125 0 19.45 17.1375 0.05 20.65 cover
#box: 17.1375 0 0 17.2125 0.05 19.45 rock
#box: 17.1375 0 19.45 17.2125 0.05 20.6375 cover
#box: 17.2125 0 0 17.275 0.05 19.45 rock
#box: 17.2125 0 19.45 17.275 0.05 20.625 cover
#box: 17.275 0 0 17.2875 0.05 19.4375 rock
#box: 17.275 0 19.4375 17.2875 0.05 20.625 cover
#box: 17.2875 0 0 17.3625 0.05 19.4375 rock
#box: 17.2875 0 19.4375 17.3625 0.05 20.6125 cover
#box: 17.3625 0 0 17.425 0.05 19.4375 rock
#box: 17.3625 0 19.4375 17.425 0.05 20.6 cover
#box: 17.425 0 0 17.4375 0.05 19.425 rock
#box: 17.425 0 19.425 17.4375 0.05 20.6 cover
#box: 17.4375 0 0 17.5125 0.05 19.425 rock
#box: 17.4375 0 19.425 17.5125 0.05 20.5875 cover
#box: 17.5125 0 0 17.575 0.05 19.425 rock
#box: 17.5125 0 19.425 17.575 0.05 20.575 cover
#box: 17.575 0 0 17.5875 0.05 19.4125 rock
#box: 17.575 0 19.4125 17.5875 0.05 20.575 cover
#box: 17.5875 0 0 17.6625 0.05 19.4125 rock
#box: 17.5875 0 19.4125 17.6625 0.05 20.5625 cover
#box: 17.6625 0 0 17.725 0.05 19.4125 rock
#box: 17.6625 0 19.4125 17.725 0.05 20.55 cover
#box: 17.725 0 0 17.7375 0.05 19.4 rock
#box: 17.725 0 19.4 17.7375 0.05 20.55 cover
#box: 17.7375 0 0 17.8125 0.05 19.4 rock
#box: 17.7375 0 19.4 17.8125 0.05 20.5375 cover
#box: 17.8125 0 0 17.875 0.05 19.4 rock
#box: 17.8125 0 19.4 17.875 0.05 20.525 cover
#box: 17.875 0 0 17.8875 0.05 19.3875 rock
#box: 17.875 0 19.3875 17.8875 0.05 20.525 cover
#box: 17.8875 0 0 17.9625 0.05 19.3875 rock
#box: 17.8875 0 19.3875 17.9625 0.05 20.5125 cover
#box: 17.9625 0 0 18.025 0.05 19.3875 rock
#box: 17.9625 0 19.3875 18.025 0.05 20.5 cover
#box: 18.025 0 0 18.0375 0.05 19.375 rock
#box: 18.025 0 19.375 18.0375 0.05 20.5 cover
#box: 18.0375 0 0 18.1125 0.05 19.375 rock
#box: 18.0375 0 19.375 18.1125 0.05 20.4875 cover
#box: 18.1125 0 0 18.175 0.05 19.375 rock
#box: 18.1125 0 19.375 18.175 0.05 20.475 cover
#box: 18.175 0 0 18.1875 0.05 19.3625 rock
#box: 18.175 0 19.3625 18.1875 0.05 20.475 cover
#box: 18.1875 0 0 18.2625 0.05 19.3625 rock
#box: 18.1875 0 19.3625 18.2625 0.05 20.4625 cover
#box: 18.2625 0 0 18.325 0.05 19.3625 rock
#box: 18.2625 0 19.3625 18.325 0.05 20.45 cover
#box: 18.325 0 0 18.3375 0.05 19.35 rock
#box: 18.325 0 19.35 18.3375 0.05 20.45 cover
#box: 18.3375 0 0 18.4125 0.05 19.35 rock
#box: 18.3375 0 19.35 18.4125 0.05 20.4375 cover
#box: 18.4125 0 0 18.475 0.05 19.35 rock
#box: 18.4125 0 19.35 18.475 0.05 20.425 cover
#box: 18.475 0 0 18.4875 0.05 19.3375 rock
#box: 18.475 0 19.3375 18.4875 0.05 20.425 cover
#box: 18.4875 0 0 18.5 0.05 19.3375 rock
#box: 18.4875 0 19.3375 18.5 0.05 20.4125 cover
#box: 18.5 0 0 18.5625 0.05 19.2375 rock
#box: 18.5 0 19.2375 18.5625 0.05 20.4125 cover
#box: 18.5625 0 0 18.625 0.05 19.2375 rock
#box: 18.5625 0 19.2375 18.625 0.05 20.4 cover
#box: 18.625 0 0 18.6375 0.05 19.225 rock
#box: 18.625 0 19.225 18.6375 0.05 20.4 cover
#box: 18.6375 0 0 18.7125 0.05 19.225 rock
#box: 18.6375 0 19.225 18.7125 0.05 20.3875 cover
#box: 18.7125 0 0 18.775 0.05 19.225 rock
#box: 18.7125 0 19.225 18.775 0.05 20.375 cover
#box: 18.775 0 0 18.7875 0.05 19.2125 rock
#box: 18.775 0 19.2125 18.7875 0.05 20.375 cover
#box: 18.7875 0 0 18.8625 0.05 19.2125 rock
#box: 18.7875 0 19.2125 18.8625 0.05 20.3625 cover
#box: 18.8625 0 0 18.925 0.05 19.2125 rock
#box: 18.8625 0 19.2125 18.925 0.05 20.35 cover
#box: 18.925 0 0 18.9375 0.05 19.2 rock
#box: 18.925 0 19.2 18.9375 0.05 20.35 cover
#box: 18.9375 0 0 19 0.05 19.2 rock
#box: 18.9375 0 19.2 19 0.05 20.3375 cover
#box: 19 0 0 19.0125 0.05 19.1 rock
#box: 19 0 19.1 19.0125 0.05 20.3375 cover
#box: 19.0125 0 0 19.075 0.05 19.1 rock
#box: 19.0125 0 19.1 19.075 0.05 20.325 cover
#box: 19.075 0 0 19.0875 0.05 19.0875 rock
#box: 19.075 0 19.0875 19.0875 0.05 20.325 cover
#box: 19.0875 0 0 19.1625 0.05 19.0875 rock
#box: 19.0875 0 19.0875 19.1625 0.05 20.3125 cover
#box: 19.1625 0 0 19.225 0.05 19.0875 rock
#box: 19.1625 0 19.0875 19.225 0.05 20.3 cover
#box: 19.225 0 0 19.2375 0.05 19.075 rock
#box: 19.225 0 19.075 19.2375 0.05 20.3 cover
#box: 19.2375 0 0 19.3125 0.05 19.075 rock
#box: 19.2375 0 19.075 19.3125 0.05 20.2875 cover
#box: 19.3125 0 0 19.375 0.05 19.075 rock
#box: 19.3125 0 19.075 19.375 0.05 20.275 cover
#box: 19.375 0 0 19.3875 0.05 19.0625 rock
#box: 19.375 0 19.0625 19.3875 0.05 20.275 cover
#box: 19.3875 0 0 19.4625 0.05 19.0625 rock
#box: 19.3875 0 19.0625 19.4625 0.05 20.2625 cover
#box: 19.4625 0 0 19.5 0.05 19.0625 rock
#box: 19.4625 0 19.0625 19.5 0.05 20.25 cover
#box: 19.5 0 0 19.525 0.05 18.9625 rock
#box: 19.5 0 18.9625 19.525 0.05 20.25 cover
#box: 19.525 0 0 19.5375 0.05 18.95 rock
#box: 19.525 0 18.95 19.5375 0.05 20.25 cover
#box: 19.5375 0 0 19.6125 0.05 18.95 rock
#box: 19.5375 0 18.95 19.6125 0.05 20.2375 cover
#box: 19.6125 0 0 19.675 0.05 18.95 rock
#box: 19.6125 0 18.95 19.675 0.05 20.225 cover
#box: 19.675 0 0 19.6875 0.05 18.9375 rock
#box: 19.675 0 18.9375 19.6875 0.05 20.225 cover
#box: 19.6875 0 0 19.75 0.05 18.9375 rock
#box: 19.6875 0 18.9375 19.75 0.05 20.2125 cover
#box: 19.75 0 0 19.7625 0.05 18.8375 rock
#box: 19.75 0 18.8375 19.7625 0.05 20.2125 cover
#box: 19.7625 0 0 19.825 0.05 18.8375 rock
#box: 19.7625 0 18.8375 19.825 0.05 20.2 cover
#box: 19.825 0 0 19.8375 0.05 18.825 rock
#box: 19.825 0 18.825 19.8375 0.05 20.2 cover
#box: 19.8375 0 0 19.9125 0.05 18.825 rock
#box: 19.8375 0 18.825 19.9125 0.05 20.1875 cover
#box: 19.9125 0 0 19.975 0.05 18.825 rock
#box: 19.9125 0 18.825 19.975 0.05 20.175 cover
#box: 19.975 0 0 19.9875 0.05 18.8125 rock
#box: 19.975 0 18.8125 19.9875 0.05 20.175 cover
#box: 19.9875 0 0 20.0625 0.05 18.8125 rock
#box: 19.9875 0 18.8125 20.0625 0.05 20.1625 cover
#box: 20.0625 0 0 20.125 0.05 18.8125 rock
#box: 20.0625 0 18.8125 20.125 0.05 20.15 cover
#box: 20.125 0 0 20.1375 0.05 18.8 rock
#box: 20.125 0 18.8 20.1375 0.05 20.15 cover
#box: 20.1375 0 0 20.2125 0.05 18.8 rock
#box: 20.1375 0 18.8 20.2125 0.05 20.1375 cover
#box: 20.2125 0 0 20.25 0.05 18.8 rock
#box: 20.2125 0 18.8 20.25 0.05 20.125 cover
#box: 20.25 0 0 20.275 0.05 18.7 rock
#box: 20.25 0 18.7 20.275 0.05 20.125 cover
#box: 20.275 0 0 20.2875 0.05 18.6875 rock
#box: 20.275 0 18.6875 20.2875 0.05 20.125 cover
#box: 20.2875 0 0 20.3625 0.05 18.6875 rock
#box: 20.2875 0 18.6875 20.3625 0.05 20.1125 cover
#box: 20.3625 0 0 20.425 0.05 18.6875 rock
#box: 20.3625 0 18.6875 20.425 0.05 20.1 cover
#box: 20.425 0 0 20.4375 0.05 18.675 rock
#box: 20.425 0 18.675 20.4375 0.05 20.1 cover
#box: 20.4375 0 0 20.5125 0.05 18.675 rock
#box: 20.4375 0 18.675 20.5125 0.05 20.0875 cover
#box: 20.5125 0 0 20.575 0.05 18.675 rock
#box: 20.5125 0 18.675 20.575 0.05 20.075 cover
#box: 20.575 0 0 20.5875 0.05 18.6625 rock
#box: 20.575 0 18.6625 20.5875 0.05 20.075 cover
#box: 20.5875 0 0 20.6625 0.05 18.6625 rock
#box: 20.5875 0 18.6625 20.6625 0.05 20.0625 cover
#box: 20.6625 0 0 20.725 0.05 18.6625 rock
#box: 20.6625 0 18.6625 20.725 0.05 20.05 cover
#box: 20.725 0 0 20.7375 0.05 18.65 rock
#box: 20.725 0 18.65 20.7375 0.05 20.05 cover
#box: 20.7375 0 0 20.8125 0.05 18.65 rock
#box: 20.7375 0 18.65 20.8125 0.05 20.0375 cover
#box: 20.8125 0 0 20.875 0.05 18.65 rock
#box: 20.8125 0 18.65 20.875 0.05 20.025 cover
#box: 20.875 0 0 20.8875 0.05 18.6375 rock
#box: 20.875 0 18.6375 20.8875 0.05 20.025 cover
#box: 20.8875 0 0 20.9625 0.05 18.6375 rock
#box: 20.8875 0 18.6375 20.9625 0.05 20.0125 cover
#box: 20.9625 0 0 21.025 0.05 18.6375 rock
#box: 20.9625 0 18.6375 21.025 0.05 20 cover
#box: 21.025 0 0 21.0375 0.05 18.625 rock
#box: 21.025 0 18.625 21.0375 0.05 20 cover
#box: 21.0375 0 0 21.1125 0.05 18.625 rock
#box: 21.0375 0 18.625 21.1125 0.05 19.9875 cover
#box: 21.1125 0 0 21.175 0.05 18.625 rock
#box: 21.1125 0 18.625 21.175 0.05 19.975 cover
#box: 21.175 0 0 21.1875 0.05 18.6125 rock
#box: 21.175 0 18.6125 21.1875 0.05 19.975 cover
#box: 21.1875 0 0 21.2625 0.05 18.6125 rock
#box: 21.1875 0 18.6125 21.2625 0.05 19.9625 cover
#box: 21.2625 0 0 21.325 0.05 18.6125 rock
#box: 21.2625 0 18.6125 21.325 0.05 19.95 cover
#box: 21.325 0 0 21.3375 0.05 18.6 rock
#box: 21.325 0 18.6 21.3375 0.05 19.95 cover
#box: 21.3375 0 0 21.4125 0.05 18.6 rock
#box: 21.3375 0 18.6 21.4125 0.05 19.9375 cover
#box: 21.4125 0 0 21.475 0.05 18.6 rock
#box: 21.4125 0 18.6 21.475 0.05 19.925 cover
#box: 21.475 0 0 21.4875 0.05 18.5875 rock
#box: 21.475 0 18.5875 21.4875 0.05 19.925 cover
#box: 21.4875 0 0 21.5625 0.05 18.5875 rock
#box: 21.4875 0 18.5875 21.5625 0.05 19.9125 cover
#box: 21.5625 0 0 21.625 0.05 18.5875 rock
#box: 21.5625 0 18.5875 21.625 0.05 19.9 cover
#box: 21.625 0 0 21.6375 0.05 18.575 rock
#box: 21.625 0 18.575 21.6375 0.05 19.9 cover
#box: 21.6375 0 0 21.7125 0.05 18.575 rock
#box: 21.6375 0 18.575 21.7125 0.05 19.8875 cover
#box: 21.7125 0 0 21.775 0.05 18.575 rock
#box: 21.7125 0 18.575 21.775 0.05 19.875 cover
#box: 21.775 0 0 21.7875 0.05 18.5625 rock
#box: 21.775 0 18.5625 21.7875 0.05 19.875 cover
#box: 21.7875 0 0 21.8625 0.05 18.5625 rock
#box: 21.7875 0 18.5625 21.8625 0.05 19.8625 cover
#box: 21.8625 0 0 21.925 0.05 18.5625 rock
#box: 21.8625 0 18.5625 21.925 0.05 19.85 cover
#box: 21.925 0 0 21.9375 0.05 18.55 rock
#box: 21.925 0 18.55 21.9375 0.05 19.85 cover
#box: 21.9375 0 0 22 0.05 18.55 rock
#box: 21.9375 0 18.55 22 0.05 19.8375 cover
#box: 22 0 0 22.0125 0.05 18.65 rock
#box: 22 0 18.65 22.0125 0.05 19.8375 cover
#box: 22.0125 0 0 22.075 0.05 18.65 rock
#box: 22.0125 0 18.65 22.075 0.05 19.825 cover
#box: 22.075 0 0 22.0875 0.05 18.6375 rock
#box: 22.075 0 18.6375 22.0875 0.05 19.825 cover
#box: 22.0875 0 0 22.1625 0.05 18.6375 rock
#box: 22.0875 0 18.6375 22.1625 0.05 19.8125 cover
#box: 22.1625 0 0 22.225 0.05 18.6375 rock
#box: 22.1625 0 18.6375 22.225 0.05 19.8 cover
#box: 22.225 0 0 22.2375 0.05 18.625 rock
#box: 22.225 0 18.625 22.2375 0.05 19.8 cover
#box: 22.2375 0 0 22.25 0.05 18.625 rock
#box: 22.2375 0 18.625 22.25 0.05 19.7875 cover
#box: 22.25 0 0 22.3125 0.05 18.725 rock
#box: 22.25 0 18.725 22.3125 0.05 19.7875 cover
#box: 22.3125 0 0 22.375 0.05 18.725 rock
#box: 22.3125 0 18.725 22.375 0.05 19.775 cover
#box: 22.375 0 0 22.3875 0.05 18.7125 rock
#box: 22.375 0 18.7125 22.3875 0.05 19.775 cover
#box: 22.3875 0 0 22.4625 0.05 18.7125 rock
#box: 22.3875 0 18.7125 22.4625 0.05 19.7625 cover
#box: 22.4625 0 0 22.525 0.05 18.7125 rock
#box: 22.4625 0 18.7125 22.525 0.05 19.75 cover
#box: 22.525 0 0 22.5375 0.05 18.7 rock
#box: 22.525 0 18.7 22.5375 0.05 19.75 cover
#box: 22.5375 0 0 22.6125 0.05 18.7 rock
#box: 22.5375 0 18.7 22.6125 0.05 19.7375 cover
#box: 22.6125 0 0 22.675 0.05 18.7 rock
#box: 22.6125 0 18.7 22.675 0.05 19.725 cover
#box: 22.675 0 0 22.6875 0.05 18.6875 rock
#box: 22.675 0 18.6875 22.6875 0.05 19.725 cover
#box: 22.6875 0 0 22.75 0.05 18.6875 rock
#box: 22.6875 0 18.6875 22.75 0.05 19.7125 cover
#box: 22.75 0 0 22.7625 0.05 18.7875 rock
#box: 22.75 0 18.7875 22.7625 0.05 19.7125 cover
#box: 22.7625 0 0 22.825 0.05 18.7875 rock
#box: 22.7625 0 18.7875 22.825 0.05 19.7 cover
#box: 22.825 0 0 22.8375 0.05 18.775 rock
#box: 22.825 0 18.775 22.8375 0.05 19.7 cover
#box: 22.8375 0 0 22.9125 0.05 18.775 rock
#box: 22.8375 0 18.775 22.9125 0.05 19.6875 cover
#box: 22.9125 0 0 22.975 0.05 18.775 rock
#box: 22.9125 0 18.775 22.975 0.05 19.675 cover
#box: 22.975 0 0 22.9875 0.05 18.7625 rock
#box: 22.975 0 18.7625 22.9875 0.05 19.675 cover
#box: 22.9875 0 0 23.0625 0.05 18.7625 rock
#box: 22.9875 0 18.7625 23.0625 0.05 19.6625 cover
#box: 23.0625 0 0 23.125 0.05 18.7625 rock
#box: 23.0625 0 18.7625 23.125 0.05 19.65 cover
#box: 23.125 0 0 23.1375 0.05 18.75 rock
#box: 23.125 0 18.75 23.1375 0.05 19.65 cover
#box: 23.1375 0 0 23.2125 0.05 18.75 rock
#box: 23.1375 0 18.75 23.2125 0.05 19.6375 cover
#box: 23.2125 0 0 23.275 0.05 18.75 rock
#box: 23.2125 0 18.75 23.275 0.05 19.625 cover
#box: 23.275 0 0 23.2875 0.05 18.7375 rock
#box: 23.275 0 18.7375 23.2875 0.05 19.625 cover
#box: 23.2875 0 0 23.3625 0.05 18.7375 rock
#box: 23.2875 0 18.7375 23.3625 0.05 19.6125 cover
#box: 23.3625 0 0 23.425 0.05 18.7375 rock
#box: 23.3625 0 18.7375 23.425 0.05 19.6 cover
#box: 23.425 0 0 23.4375 0.05 18.725 rock
#box: 23.425 0 18.725 23.4375 0.05 19.6 cover
#box: 23.4375 0 0 23.5125 0.05 18.725 rock
#box: 23.4375 0 18.725 23.5125 0.05 19.5875 cover
#box: 23.5125 0 0 23.575 0.05 18.725 rock
#box: 23.5125 0 18.725 23.575 0.05 19.575 cover
#box: 23.575 0 0 23.5875 0.05 18.7125 rock
#box: 23.575 0 18.7125 23.5875 0.05 19.575 cover
#box: 23.5875 0 0 23.6625 0.05 18.7125 rock
#box: 23.5875 0 18.7125 23.6625 0.05 19.5625 cover
#box: 23.6625 0 0 23.725 0.05 18.7125 rock
#box: 23.6625 0 18.7125 23.725 0.05 19.55 cover
#box: 23.725 0 0 23.7375 0.05 18.7 rock
#box: 23.725 0 18.7 23.7375 0.05 19.55 cover
#box: 23.7375 0 0 23.8125 0.05 18.7 rock
#box: 23.7375 0 18.7 23.8125 0.05 19.5375 cover
#box: 23.8125 0 0 23.875 0.05 18.7 rock
#box: 23.8125 0 18.7 23.875 0.05 19.525 cover
#box: 23.875 0 0 23.8875 0.05 18.6875 rock
#box: 23.875 0 18.6875 23.8875 0.05 19.525 cover
#box: 23.8875 0 0 23.9625 0.05 18.6875 rock
#box: 23.8875 0 18.6875 23.9625 0.05 19.5125 cover
#box: 23.9625 0 0 36 0.05 18.6875 rock
#box: 23.9625 0 18.6875 36 0.05 19.5 cover
#snapshot: 8 0 14 28.1 0.05 31.4 0.15 0.05 0.15 0 snap0000.h5
#snapshot: 8 0 14 28.1 0.05 31.4 0.15 0.05 0.15 34 snap0001.h5
#snapshot: 8 0 14 28.1 0.05 31.4 0.15 0.05 0.15 68 snap0002.h5
#snapshot: 8 0 14 28.1 0.05 31.4 0.15 0.05 0.15 102 snap0003.h5
#snapshot: 8 0 14 28.1 0.05 31.4 0.15 0.05 0.15 136 snap0004.h5
#snapshot: 8 0 14 28.1 0.05 31.4 0.15 0.05 0.15 170 snap0005.h5
#snapshot: 8 0 14 28.1 0.05 31.4 0.15 0.05 0.15 204 snap0006.h5
#snapshot: 8 0 14 28.1 0.05 31.4 0.15 0.05 0.15 238 snap0007.h5
#snapshot: 8 0 14 28.1 0.05 31.4 0.15 0.05 0.15 272 snap0008.h5
#snapshot: 8 0 14 28.1 0.05 31.4 0.15 0.05 0.15 306 snap0009.h5
#snapshot: 8 0 14 28.1 0.05 31.4 0.15 0.05 0.15 340 snap0010.h5
#snapshot: 8 0 14 28.1 0.05 31.4 0.15 0.05 0.15 374 snap0011.h5
#snapshot: 8 0 14 28.1 0.05 31.4 0.15 0.05 0.15 408 snap0012.h5
#snapshot: 8 0 14 28.1 0.05 31.4 0.15 0.05 0.15 442 snap0013.h5
#snapshot: 8 0 14 28.1 0.05 31.4 0.15 0.05 0.15 476 snap0014.h5
#snapshot: 8 0 14 28.1 0.05 31.4 0.15 0.05 0.15 510 snap0015.h5
#snapshot: 8 0 14 28.1 0.05 31.4 0.15 0.05 0.15 544 snap0016.h5
#snapshot: 8 0 14 28.1 0.05 31.4 0.15 0.05 0.15 578 snap0017.h5
#snapshot: 8 0 14 28.1 0.05 31.4 0.15 0.05 0.15 612 snap0018.h5
#snapshot: 8 0 14 28.1 0.05 31.4 0.15 0.05 0.15 646 snap0019.h5
#snapshot: 8 0 14 28.1 0.05 31.4 0.15 0.05 0.15 680 snap0020.h5
#snapshot: 8 0 14 28.1 0.05 31.4 0.15 0.05 0.15 714 snap0021.h5
#snapshot: 8 0 14 28.1 0.05 31.4 0.15 0.05 0.15 748 snap0022.h5
#snapshot: 8 0 14 28.1 0.05 31.4 0.15 0.05 0.15 782 snap0023.h5
#snapshot: 8 0 14 28.1 0.05 31.4 0.15 0.05 0.15 816 snap0024.h5
#snapshot: 8 0 14 28.1 0.05 31.4 0.15 0.05 0.15 850 snap0025.h5
#snapshot: 8 0 14 28.1 0.05 31.4 0.15 0.05 0.15 884 snap0026.h5
#snapshot: 8 0 14 28.1 0.05 31.4 0.15 0.05 0.15 918 snap0027.h5
#snapshot: 8 0 14 28.1 0.05 31.4 0.15 0.05 0.15 952 snap0028.h5
#snapshot: 8 0 14 28.1 0.05 31.4 0.15 0.05 0.15 986 snap0029.h5
#snapshot: 8 0 14 28.1 0.05 31.4 0.15 0.05 0.15 1020 snap0030.h5
#snapshot: 8 0 14 28.1 0.05 31.4 0.15 0.05 0.15 1054 snap0031.h5
#snapshot: 8 0 14 28.1 0.05 31.4 0.15 0.05 0.15 1088 snap0032.h5
#snapshot: 8 0 14 28.1 0.05 31.4 0.15 0.05 0.15 1122 snap0033.h5
#snapshot: 8 0 14 28.1 0.05 31.4 0.15 0.05 0.15 1156 snap0034.h5
#snapshot: 8 0 14 28.1 0.05 31.4 0.15 0.05 0.15 1190 snap0035.h5
#snapshot: 8 0 14 28.1 0.05 31.4 0.15 0.05 0.15 1224 snap0036.h5
#snapshot: 8 0 14 28.1 0.05 31.4 0.15 0.05 0.15 1258 snap0037.h5
#snapshot: 8 0 14 28.1 0.05 31.4 0.15 0.05 0.15 1292 snap0038.h5
#snapshot: 8 0 14 28.1 0.05 31.4 0.15 0.05 0.15 1326 snap0039.h5
#snapshot: 8 0 14 28.1 0.05 31.4 0.15 0.05 0.15 1360 snap0040.h5
#snapshot: 8 0 14 28.1 0.05 31.4 0.15 0.05 0.15 1394 snap0041.h5
#snapshot: 8 0 14 28.1 0.05 31.4 0.15 0.05 0.15 1428 snap0042.h5
#snapshot: 8 0 14 28.1 0.05 31.4 0.15 0.05 0.15 1462 snap0043.h5
#snapshot: 8 0 14 28.1 0.05 31.4 0.15 0.05 0.15 1496 snap0044.h5
#snapshot: 8 0 14 28.1 0.05 31.4 0.15 0.05 0.15 1530 snap0045.h5
#snapshot: 8 0 14 28.1 0.05 31.4 0.15 0.05 0.15 1564 snap0046.h5
#snapshot: 8 0 14 28.1 0.05 31.4 0.15 0.05 0.15 1598 snap0047.h5
#snapshot: 8 0 14 28.1 0.05 31.4 0.15 0.05 0.15 1632 snap0048.h5
#snapshot: 8 0 14 28.1 0.05 31.4 0.15 0.05 0.15 1666 snap0049.h5
#snapshot: 8 0 14 28.1 0.05 31.4 0.15 0.05 0.15 1700 snap0050.h5
#snapshot: 8 0 14 28.1 0.05 31.4 0.15 0.05 0.15 1734 snap0051.h5
#snapshot: 8 0 14 28.1 0.05 31.4 0.15 0.05 0.15 1768 snap0052.h5
#snapshot: 8 0 14 28.1 0.05 31.4 0.15 0.05 0.15 1802 snap0053.h5
#snapshot: 8 0 14 28.1 0.05 31.4 0.15 0.05 0.15 1836 snap0054.h5
#snapshot: 8 0 14 28.1 0.05 31.4 0.15 0.05 0.15 1870 snap0055.h5
#snapshot: 8 0 14 28.1 0.05 31.4 0.15 0.05 0.15 1904 snap0056.h5
#snapshot: 8 0 14 28.1 0.05 31.4 0.15 0.05 0.15 1938 snap0057.h5
#snapshot: 8 0 14 28.1 0.05 31.4 0.15 0.05 0.15 1972 snap0058.h5
#snapshot: 8 0 14 28.1 0.05 31.4 0.15 0.05 0.15 2006 snap0059.h5
#snapshot: 8 0 14 28.1 0.05 31.4 0.15 0.05 0.15 2040 snap0060.h5
#snapshot: 8 0 14 28.1 0.05 31.4 0.15 0.05 0.15 2074 snap0061.h5
#snapshot: 8 0 14 28.1 0.05 31.4 0.15 0.05 0.15 2108 snap0062.h5
#snapshot: 8 0 14 28.1 0.05 31.4 0.15 0.05 0.15 2142 snap0063.h5
#snapshot: 8 0 14 28.1 0.05 31.4 0.15 0.05 0.15 2176 snap0064.h5
#snapshot: 8 0 14 28.1 0.05 31.4 0.15 0.05 0.15 2210 snap0065.h5
#snapshot: 8 0 14 28.1 0.05 31.4 0.15 0.05 0.15 2244 snap0066.h5
#snapshot: 8 0 14 28.1 0.05 31.4 0.15 0.05 0.15 2278 snap0067.h5
#snapshot: 8 0 14 28.1 0.05 31.4 0.15 0.05 0.15 2312 snap0068.h5
#snapshot: 8 0 14 28.1 0.05 31.4 0.15 0.05 0.15 2346 snap0069.h5
#snapshot: 8 0 14 28.1 0.05 31.4 0.15 0.05 0.15 2380 snap0070.h5
#snapshot: 8 0 14 28.1 0.05 31.4 0.15 0.05 0.15 2414 snap0071.h5
#snapshot: 8 0 14 28.1 0.05 31.4 0.15 0.05 0.15 2448 snap0072.h5
#snapshot: 8 0 14 28.1 0.05 31.4 0.15 0.05 0.15 2482 snap0073.h5
#snapshot: 8 0 14 28.1 0.05 31.4 0.15 0.05 0.15 2516 snap0074.h5
#snapshot: 8 0 14 28.1 0.05 31.4 0.15 0.05 0.15 2550 snap0075.h5
#snapshot: 8 0 14 28.1 0.05 31.4 0.15 0.05 0.15 2584 snap0076.h5
#snapshot: 8 0 14 28.1 0.05 31.4 0.15 0.05 0.15 2618 snap0077.h5
#snapshot: 8 0 14 28.1 0.05 31.4 0.15 0.05 0.15 2652 snap0078.h5
#snapshot: 8 0 14 28.1 0.05 31.4 0.15 0.05 0.15 2686 snap0079.h5
#snapshot: 8 0 14 28.1 0.05 31.4 0.15 0.05 0.15 2720 snap0080.h5
#snapshot: 8 0 14 28.1 0.05 31.4 0.15 0.05 0.15 2754 snap0081.h5
#snapshot: 8 0 14 28.1 0.05 31.4 0.15 0.05 0.15 2788 snap0082.h5
#snapshot: 8 0 14 28.1 0.05 31.4 0.15 0.05 0.15 2822 snap0083.h5
#snapshot: 8 0 14 28.1 0.05 31.4 0.15 0.05 0.15 2856 snap0084.h5
#snapshot: 8 0 14 28.1 0.05 31.4 0.15 0.05 0.15 2890 snap0085.h5
#snapshot: 8 0 14 28.1 0.05 31.4 0.15 0.05 0.15 2924 snap0086.h5
#snapshot: 8 0 14 28.1 0.05 31.4 0.15 0.05 0.15 2958 snap0087.h5
#snapshot: 8 0 14 28.1 0.05 31.4 0.15 0.05 0.15 2992 snap0088.h5
#snapshot: 8 0 14 28.1 0.05 31.4 0.15 0.05 0.15 3026 snap0089.h5
#snapshot: 8 0 14 28.1 0.05 31.4 0.15 0.05 0.15 3060 snap0090.h5
#snapshot: 8 0 14 28.1 0.05 31.4 0.15 0.05 0.15 3094 snap0091.h5
#snapshot: 8 0 14 28.1 0.05 31.4 0.15 0.05 0.15 3128 snap0092.h5
#snapshot: 8 0 14 28.1 0.05 31.4 0.15 0.05 0.15 3162 snap0093.h5
#snapshot: 8 0 14 28.1 0.05 31.4 0.15 0.05 0.15 3196 snap0094.h5
#snapshot: 8 0 14 28.1 0.05 31.4 0.15 0.05 0.15 3230 snap0095.h5
#snapshot: 8 0 14 28.1 0.05 31.4 0.15 0.05 0.15 3264 snap0096.h5
#snapshot: 8 0 14 28.1 0.05 31.4 0.15 0.05 0.15 3298 snap0097.h5
#snapshot: 8 0 14 28.1 0.05 31.4 0.15 0.05 0.15 3332 snap0098.h5
#snapshot: 8 0 14 28.1 0.05 31.4 0.15 0.05 0.15 3366 snap0099.h5
#snapshot: 8 0 14 28.1 0.05 31.4 0.15 0.05 0.15 3400 snap0100.h5
#snapshot: 8 0 14 28.1 0.05 31.4 0.15 0.05 0.15 3434 snap0101.h5
#snapshot: 8 0 14 28.1 0.05 31.4 0.15 0.05 0.15 3468 snap0102.h5
#snapshot: 8 0 14 28.1 0.05 31.4 0.15 0.05 0.15 3502 snap0103.h5
#snapshot: 8 0 14 28.1 0.05 31.4 0.15 0.05 0.15 3536 snap0104.h5
#snapshot: 8 0 14 28.1 0.05 31.4 0.15 0.05 0.15 3570 snap0105.h5
#snapshot: 8 0 14 28.1 0.05 31.4 0.15 0.05 0.15 3604 snap0106.h5
#snapshot: 8 0 14 28.1 0.05 31.4 0.15 0.05 0.15 3638 snap0107.h5
#snapshot: 8 0 14 28.1 0.05 31.4 0.15 0.05 0.15 3672 snap0108.h5
#snapshot: 8 0 14 28.1 0.05 31.4 0.15 0.05 0.15 3706 snap0109.h5
#snapshot: 8 0 14 28.1 0.05 31.4 0.15 0.05 0.15 3740 snap0110.h5
#snapshot: 8 0 14 28.1 0.05 31.4 0.15 0.05 0.15 3774 snap0111.h5
#snapshot: 8 0 14 28.1 0.05 31.4 0.15 0.05 0.15 3808 snap0112.h5
#snapshot: 8 0 14 28.1 0.05 31.4 0.15 0.05 0.15 3842 snap0113.h5
#snapshot: 8 0 14 28.1 0.05 31.4 0.15 0.05 0.15 3876 snap0114.h5
#snapshot: 8 0 14 28.1 0.05 31.4 0.15 0.05 0.15 3910 snap0115.h5
#snapshot: 8 0 14 28.1 0.05 31.4 0.15 0.05 0.15 3944 snap0116.h5
#snapshot: 8 0 14 28.1 0.05 31.4 0.15 0.05 0.15 3978 snap0117.h5
#snapshot: 8 0 14 28.1 0.05 31.4 0.15 0.05 0.15 4012 snap0118.h5
#snapshot: 8 0 14 28.1 0.05 31.4 0.15 0.05 0.15 4046 snap0119.h5
#snapshot: 8 0 14 28.1 0.05 31.4 0.15 0.05 0.15 4080 snap0120.h5
#snapshot: 8 0 14 28.1 0.05 31.4 0.15 0.05 0.15 4114 snap0121.h5
#snapshot: 8 0 14 28.1 0.05 31.4 0.15 0.05 0.15 4148 snap0122.h5
#snapshot: 8 0 14 28.1 0.05 31.4 0.15 0.05 0.15 4182 snap0123.h5
#snapshot: 8 0 14 28.1 0.05 31.4 0.15 0.05 0.15 4216 snap0124.h5
#snapshot: 8 0 14 28.1 0.05 31.4 0.15 0.05 0.15 4250 snap0125.h5
#snapshot: 8 0 14 28.1 0.05 31.4 0.15 0.05 0.15 4284 snap0126.h5
#snapshot: 8 0 14 28.1 0.05 31.4 0.15 0.05 0.15 4318 snap0127.h5
#snapshot: 8 0 14 28.1 0.05 31.4 0.15 0.05 0.15 4352 snap0128.h5
#snapshot: 8 0 14 28.1 0.05 31.4 0.15 0.05 0.15 4386 snap0129.h5
#snapshot: 8 0 14 28.1 0.05 31.4 0.15 0.05 0.15 4420 snap0130.h5
#snapshot: 8 0 14 28.1 0.05 31.4 0.15 0.05 0.15 4454 snap0131.h5
#snapshot: 8 0 14 28.1 0.05 31.4 0.15 0.05 0.15 4488 snap0132.h5
#snapshot: 8 0 14 28.1 0.05 31.4 0.15 0.05 0.15 4522 snap0133.h5
#snapshot: 8 0 14 28.1 0.05 31.4 0.15 0.05 0.15 4556 snap0134.h5
#snapshot: 8 0 14 28.1 0.05 31.4 0.15 0.05 0.15 4590 snap0135.h5
#snapshot: 8 0 14 28.1 0.05 31.4 0.15 0.05 0.15 4624 snap0136.h5
#snapshot: 8 0 14 28.1 0.05 31.4 0.15 0.05 0.15 4658 snap0137.h5
#snapshot: 8 0 14 28.1 0.05 31.4 0.15 0.05 0.15 4692 snap0138.h5
#snapshot: 8 0 14 28.1 0.05 31.4 0.15 0.05 0.15 4726 snap0139.h5
#snapshot: 8 0 14 28.1 0.05 31.4 0.15 0.05 0.15 4760 snap0140.h5
#snapshot: 8 0 14 28.1 0.05 31.4 0.15 0.05 0.15 4794 snap0141.h5
#snapshot: 8 0 14 28.1 0.05 31.4 0.15 0.05 0.15 4828 snap0142.h5
#snapshot: 8 0 14 28.1 0.05 31.4 0.15 0.05 0.15 4862 snap0143.h5
#snapshot: 8 0 14 28.1 0.05 31.4 0.15 0.05 0.15 4896 snap0144.h5
#snapshot: 8 0 14 28.1 0.05 31.4 0.15 0.05 0.15 4930 snap0145.h5
#snapshot: 8 0 14 28.1 0.05 31.4 0.15 0.05 0.15 4964 snap0146.h5
#snapshot: 8 0 14 28.1 0.05 31.4 0.15 0.05 0.15 4998 snap0147.h5
#snapshot: 8 0 14 28.1 0.05 31.4 0.15 0.05 0.15 5032 snap0148.h5
#snapshot: 8 0 14 28.1 0.05 31.4 0.15 0.05 0.15 5066 snap0149.h5
#snapshot: 8 0 14 28.1 0.05 31.4 0.15 0.05 0.15 5100 snap0150.h5
#snapshot: 8 0 14 28.1 0.05 31.4 0.15 0.05 0.15 5134 snap0151.h5
#snapshot: 8 0 14 28.1 0.05 31.4 0.15 0.05 0.15 5168 snap0152.h5
#snapshot: 8 0 14 28.1 0.05 31.4 0.15 0.05 0.15 5202 snap0153.h5
#snapshot: 8 0 14 28.1 0.05 31.4 0.15 0.05 0.15 5236 snap0154.h5
#snapshot: 8 0 14 28.1 0.05 31.4 0.15 0.05 0.15 5270 snap0155.h5
#snapshot: 8 0 14 28.1 0.05 31.4 0.15 0.05 0.15 5304 snap0156.h5
#snapshot: 8 0 14 28.1 0.05 31.4 0.15 0.05 0.15 5338 snap0157.h5
#snapshot: 8 0 14 28.1 0.05 31.4 0.15 0.05 0.15 5372 snap0158.h5
#snapshot: 8 0 14 28.1 0.05 31.4 0.15 0.05 0.15 5406 snap0159.h5
#snapshot: 8 0 14 28.1 0.05 31.4 0.15 0.05 0.15 5440 snap0160.h5
#snapshot: 8 0 14 28.1 0.05 31.4 0.15 0.05 0.15 5474 snap0161.h5
#snapshot: 8 0 14 28.1 0.05 31.4 0.15 0.05 0.15 5508 snap0162.h5
#snapshot: 8 0 14 28.1 0.05 31.4 0.15 0.05 0.15 5542 snap0163.h5
#snapshot: 8 0 14 28.1 0.05 31.4 0.15 0.05 0.15 5576 snap0164.h5
#snapshot: 8 0 14 28.1 0.05 31.4 0.15 0.05 0.15 5610 snap0165.h5
#snapshot: 8 0 14 28.1 0.05 31.4 0.15 0.05 0.15 5644 snap0166.h5
#snapshot: 8 0 14 28.1 0.05 31.4 0.15 0.05 0.15 5678 snap0167.h5
#snapshot: 8 0 14 28.1 0.05 31.4 0.15 0.05 0.15 5712 snap0168.h5
#snapshot: 8 0 14 28.1 0.05 31.4 0.15 0.05 0.15 5746 snap0169.h5
#snapshot: 8 0 14 28.1 0.05 31.4 0.15 0.05 0.15 5780 snap0170.h5
#snapshot: 8 0 14 28.1 0.05 31.4 0.15 0.05 0.15 5814 snap0171.h5
#snapshot: 8 0 14 28.1 0.05 31.4 0.15 0.05 0.15 5848 snap0172.h5
#snapshot: 8 0 14 28.1 0.05 31.4 0.15 0.05 0.15 5882 snap0173.h5
#snapshot: 8 0 14 28.1 0.05 31.4 0.15 0.05 0.15 5916 snap0174.h5
#snapshot: 8 0 14 28.1 0.05 31.4 0.15 0.05 0.15 5950 snap0175.h5
#snapshot: 8 0 14 28.1 0.05 31.4 0.15 0.05 0.15 5984 snap0176.h5
#snapshot: 8 0 14 28.1 0.05 31.4 0.15 0.05 0.15 6018 snap0177.h5
#snapshot: 8 0 14 28.1 0.05 31.4 0.15 0.05 0.15 6052 snap0178.h5
#snapshot: 8 0 14 28.1 0.05 31.4 0.15 0.05 0.15 6086 snap0179.h5
#snapshot: 8 0 14 28.1 0.05 31.4 0.15 0.05 0.15 6120 snap0180.h5
#snapshot: 8 0 14 28.1 0.05 31.4 0.15 0.05 0.15 6154 snap0181.h5
#snapshot: 8 0 14 28.1 0.05 31.4 0.15 0.05 0.15 6188 snap0182.h5
#snapshot: 8 0 14 28.1 0.05 31.4 0.15 0.05 0.15 6222 snap0183.h5
#snapshot: 8 0 14 28.1 0.05 31.4 0.15 0.05 0.15 6256 snap0184.h5
#snapshot: 8 0 14 28.1 0.05 31.4 0.15 0.05 0.15 6290 snap0185.h5
#snapshot: 8 0 14 28.1 0.05 31.4 0.15 0.05 0.15 6324 snap0186.h5
#snapshot: 8 0 14 28.1 0.05 31.4 0.15 0.05 0.15 6358 snap0187.h5
#snapshot: 8 0 14 28.1 0.05 31.4 0.15 0.05 0.15 6392 snap0188.h5
#snapshot: 8 0 14 28.1 0.05 31.4 0.15 0.05 0.15 6426 snap0189.h5
#snapshot: 8 0 14 28.1 0.05 31.4 0.15 0.05 0.15 6460 snap0190.h5
#snapshot: 8 0 14 28.1 0.05 31.4 0.15 0.05 0.15 6494 snap0191.h5
#snapshot: 8 0 14 28.1 0.05 31.4 0.15 0.05 0.15 6528 snap0192.h5
#snapshot: 8 0 14 28.1 0.05 31.4 0.15 0.05 0.15 6562 snap0193.h5
#snapshot: 8 0 14 28.1 0.05 31.4 0.15 0.05 0.15 6596 snap0194.h5
#snapshot: 8 0 14 28.1 0.05 31.4 0.15 0.05 0.15 6630 snap0195.h5
#snapshot: 8 0 14 28.1 0.05 31.4 0.15 0.05 0.15 6664 snap0196.h5
#snapshot: 8 0 14 28.1 0.05 31.4 0.15 0.05 0.15 6698 snap0197.h5
#snapshot: 8 0 14 28.1 0.05 31.4 0.15 0.05 0.15 6732 snap0198.h5
#snapshot: 8 0 14 28.1 0.05 31.4 0.15 0.05 0.15 6766 snap0199.h5
