#title: HS4T2D 15m per-eps wavefield v0.1 (cover eps_r=18.017, non-dispersive; ricker95; centre station)
#domain: 36 0.05 33
#dx_dy_dz: 0.025 0.05 0.025
#time_window: 600e-9
#omp_threads: 8
#pml_cells: 80 0 40 80 0 40
#pml_formulation: HORIPML
#waveform: ricker 1 95e6 ricker95
#hertzian_dipole: y 17.6 0.025 27 ricker95
#rx: 18.9 0.025 27 t01 Ey
#material: 9 0.001 1 0 rock
#material: 18.017 0.003 1 0 cover
#box: 0 0 0 36 0.05 12 rock
#box: 0 0 0 36 0.05 12 cover
#geometry_view: 0 0 0 36 0.05 33 0.025 0.05 0.025 hs4t2d_geom n
#rx: 15.075 0.025 8.975 p00c Ey Hx Hz
#rx: 15.075 0.025 8.95 p00z Hx
#rx: 15.05 0.025 8.975 p00x Hz
#rx: 16.575 0.025 8.975 p01c Ey Hx Hz
#rx: 16.575 0.025 8.95 p01z Hx
#rx: 16.55 0.025 8.975 p01x Hz
#rx: 18.075 0.025 8.975 p02c Ey Hx Hz
#rx: 18.075 0.025 8.95 p02z Hx
#rx: 18.05 0.025 8.975 p02x Hz
#rx: 19.575 0.025 8.975 p03c Ey Hx Hz
#rx: 19.575 0.025 8.95 p03z Hx
#rx: 19.55 0.025 8.975 p03x Hz
#rx: 21.075 0.025 8.975 p04c Ey Hx Hz
#rx: 21.075 0.025 8.95 p04z Hx
#rx: 21.05 0.025 8.975 p04x Hz
#rx: 15.075 0.025 11.975 p05c Ey Hx Hz
#rx: 15.075 0.025 11.95 p05z Hx
#rx: 15.05 0.025 11.975 p05x Hz
#rx: 18.075 0.025 11.975 p06c Ey Hx Hz
#rx: 18.075 0.025 11.95 p06z Hx
#rx: 18.05 0.025 11.975 p06x Hz
#rx: 21.075 0.025 11.975 p07c Ey Hx Hz
#rx: 21.075 0.025 11.95 p07z Hx
#rx: 21.05 0.025 11.975 p07x Hz
#rx: 18.825 0.025 13.925 p08c Ey Hx Hz
#rx: 18.825 0.025 13.9 p08z Hx
#rx: 18.8 0.025 13.925 p08x Hz
#rx: 18.825 0.025 26.975 p09c Ey Hx Hz
#rx: 18.825 0.025 26.95 p09z Hx
#rx: 18.8 0.025 26.975 p09x Hz
#rx: 16.575 0.025 17.075 p10c Ey Hx Hz
#rx: 16.575 0.025 17.05 p10z Hx
#rx: 16.55 0.025 17.075 p10x Hz
#rx: 19.575 0.025 17.075 p11c Ey Hx Hz
#rx: 19.575 0.025 17.05 p11z Hx
#rx: 19.55 0.025 17.075 p11x Hz
#snapshot: 13.5 0 8 22.5 0.05 28.1 0.15 0.05 0.15 0 snap00000.h5
#snapshot: 13.5 0 8 22.5 0.05 28.1 0.15 0.05 0.15 17 snap00017.h5
#snapshot: 13.5 0 8 22.5 0.05 28.1 0.15 0.05 0.15 34 snap00034.h5
#snapshot: 13.5 0 8 22.5 0.05 28.1 0.15 0.05 0.15 51 snap00051.h5
#snapshot: 13.5 0 8 22.5 0.05 28.1 0.15 0.05 0.15 68 snap00068.h5
#snapshot: 13.5 0 8 22.5 0.05 28.1 0.15 0.05 0.15 85 snap00085.h5
#snapshot: 13.5 0 8 22.5 0.05 28.1 0.15 0.05 0.15 102 snap00102.h5
#snapshot: 13.5 0 8 22.5 0.05 28.1 0.15 0.05 0.15 119 snap00119.h5
#snapshot: 13.5 0 8 22.5 0.05 28.1 0.15 0.05 0.15 136 snap00136.h5
#snapshot: 13.5 0 8 22.5 0.05 28.1 0.15 0.05 0.15 153 snap00153.h5
#snapshot: 13.5 0 8 22.5 0.05 28.1 0.15 0.05 0.15 170 snap00170.h5
#snapshot: 13.5 0 8 22.5 0.05 28.1 0.15 0.05 0.15 187 snap00187.h5
#snapshot: 13.5 0 8 22.5 0.05 28.1 0.15 0.05 0.15 204 snap00204.h5
#snapshot: 13.5 0 8 22.5 0.05 28.1 0.15 0.05 0.15 221 snap00221.h5
#snapshot: 13.5 0 8 22.5 0.05 28.1 0.15 0.05 0.15 238 snap00238.h5
#snapshot: 13.5 0 8 22.5 0.05 28.1 0.15 0.05 0.15 255 snap00255.h5
#snapshot: 13.5 0 8 22.5 0.05 28.1 0.15 0.05 0.15 272 snap00272.h5
#snapshot: 13.5 0 8 22.5 0.05 28.1 0.15 0.05 0.15 289 snap00289.h5
#snapshot: 13.5 0 8 22.5 0.05 28.1 0.15 0.05 0.15 306 snap00306.h5
#snapshot: 13.5 0 8 22.5 0.05 28.1 0.15 0.05 0.15 323 snap00323.h5
#snapshot: 13.5 0 8 22.5 0.05 28.1 0.15 0.05 0.15 340 snap00340.h5
#snapshot: 13.5 0 8 22.5 0.05 28.1 0.15 0.05 0.15 357 snap00357.h5
#snapshot: 13.5 0 8 22.5 0.05 28.1 0.15 0.05 0.15 374 snap00374.h5
#snapshot: 13.5 0 8 22.5 0.05 28.1 0.15 0.05 0.15 391 snap00391.h5
#snapshot: 13.5 0 8 22.5 0.05 28.1 0.15 0.05 0.15 408 snap00408.h5
#snapshot: 13.5 0 8 22.5 0.05 28.1 0.15 0.05 0.15 425 snap00425.h5
#snapshot: 13.5 0 8 22.5 0.05 28.1 0.15 0.05 0.15 442 snap00442.h5
#snapshot: 13.5 0 8 22.5 0.05 28.1 0.15 0.05 0.15 459 snap00459.h5
#snapshot: 13.5 0 8 22.5 0.05 28.1 0.15 0.05 0.15 476 snap00476.h5
#snapshot: 13.5 0 8 22.5 0.05 28.1 0.15 0.05 0.15 493 snap00493.h5
#snapshot: 13.5 0 8 22.5 0.05 28.1 0.15 0.05 0.15 510 snap00510.h5
#snapshot: 13.5 0 8 22.5 0.05 28.1 0.15 0.05 0.15 527 snap00527.h5
#snapshot: 13.5 0 8 22.5 0.05 28.1 0.15 0.05 0.15 544 snap00544.h5
#snapshot: 13.5 0 8 22.5 0.05 28.1 0.15 0.05 0.15 561 snap00561.h5
#snapshot: 13.5 0 8 22.5 0.05 28.1 0.15 0.05 0.15 578 snap00578.h5
#snapshot: 13.5 0 8 22.5 0.05 28.1 0.15 0.05 0.15 595 snap00595.h5
#snapshot: 13.5 0 8 22.5 0.05 28.1 0.15 0.05 0.15 612 snap00612.h5
#snapshot: 13.5 0 8 22.5 0.05 28.1 0.15 0.05 0.15 629 snap00629.h5
#snapshot: 13.5 0 8 22.5 0.05 28.1 0.15 0.05 0.15 646 snap00646.h5
#snapshot: 13.5 0 8 22.5 0.05 28.1 0.15 0.05 0.15 663 snap00663.h5
#snapshot: 13.5 0 8 22.5 0.05 28.1 0.15 0.05 0.15 680 snap00680.h5
#snapshot: 13.5 0 8 22.5 0.05 28.1 0.15 0.05 0.15 697 snap00697.h5
#snapshot: 13.5 0 8 22.5 0.05 28.1 0.15 0.05 0.15 714 snap00714.h5
#snapshot: 13.5 0 8 22.5 0.05 28.1 0.15 0.05 0.15 731 snap00731.h5
#snapshot: 13.5 0 8 22.5 0.05 28.1 0.15 0.05 0.15 748 snap00748.h5
#snapshot: 13.5 0 8 22.5 0.05 28.1 0.15 0.05 0.15 765 snap00765.h5
#snapshot: 13.5 0 8 22.5 0.05 28.1 0.15 0.05 0.15 782 snap00782.h5
#snapshot: 13.5 0 8 22.5 0.05 28.1 0.15 0.05 0.15 799 snap00799.h5
#snapshot: 13.5 0 8 22.5 0.05 28.1 0.15 0.05 0.15 816 snap00816.h5
#snapshot: 13.5 0 8 22.5 0.05 28.1 0.15 0.05 0.15 833 snap00833.h5
#snapshot: 13.5 0 8 22.5 0.05 28.1 0.15 0.05 0.15 850 snap00850.h5
#snapshot: 13.5 0 8 22.5 0.05 28.1 0.15 0.05 0.15 867 snap00867.h5
#snapshot: 13.5 0 8 22.5 0.05 28.1 0.15 0.05 0.15 884 snap00884.h5
#snapshot: 13.5 0 8 22.5 0.05 28.1 0.15 0.05 0.15 901 snap00901.h5
#snapshot: 13.5 0 8 22.5 0.05 28.1 0.15 0.05 0.15 918 snap00918.h5
#snapshot: 13.5 0 8 22.5 0.05 28.1 0.15 0.05 0.15 935 snap00935.h5
#snapshot: 13.5 0 8 22.5 0.05 28.1 0.15 0.05 0.15 952 snap00952.h5
#snapshot: 13.5 0 8 22.5 0.05 28.1 0.15 0.05 0.15 969 snap00969.h5
#snapshot: 13.5 0 8 22.5 0.05 28.1 0.15 0.05 0.15 986 snap00986.h5
#snapshot: 13.5 0 8 22.5 0.05 28.1 0.15 0.05 0.15 1003 snap01003.h5
#snapshot: 13.5 0 8 22.5 0.05 28.1 0.15 0.05 0.15 1020 snap01020.h5
#snapshot: 13.5 0 8 22.5 0.05 28.1 0.15 0.05 0.15 1037 snap01037.h5
#snapshot: 13.5 0 8 22.5 0.05 28.1 0.15 0.05 0.15 1054 snap01054.h5
#snapshot: 13.5 0 8 22.5 0.05 28.1 0.15 0.05 0.15 1071 snap01071.h5
#snapshot: 13.5 0 8 22.5 0.05 28.1 0.15 0.05 0.15 1088 snap01088.h5
#snapshot: 13.5 0 8 22.5 0.05 28.1 0.15 0.05 0.15 1105 snap01105.h5
#snapshot: 13.5 0 8 22.5 0.05 28.1 0.15 0.05 0.15 1122 snap01122.h5
#snapshot: 13.5 0 8 22.5 0.05 28.1 0.15 0.05 0.15 1139 snap01139.h5
#snapshot: 13.5 0 8 22.5 0.05 28.1 0.15 0.05 0.15 1156 snap01156.h5
#snapshot: 13.5 0 8 22.5 0.05 28.1 0.15 0.05 0.15 1173 snap01173.h5
#snapshot: 13.5 0 8 22.5 0.05 28.1 0.15 0.05 0.15 1190 snap01190.h5
#snapshot: 13.5 0 8 22.5 0.05 28.1 0.15 0.05 0.15 1207 snap01207.h5
#snapshot: 13.5 0 8 22.5 0.05 28.1 0.15 0.05 0.15 1224 snap01224.h5
#snapshot: 13.5 0 8 22.5 0.05 28.1 0.15 0.05 0.15 1241 snap01241.h5
#snapshot: 13.5 0 8 22.5 0.05 28.1 0.15 0.05 0.15 1258 snap01258.h5
#snapshot: 13.5 0 8 22.5 0.05 28.1 0.15 0.05 0.15 1275 snap01275.h5
#snapshot: 13.5 0 8 22.5 0.05 28.1 0.15 0.05 0.15 1292 snap01292.h5
#snapshot: 13.5 0 8 22.5 0.05 28.1 0.15 0.05 0.15 1309 snap01309.h5
#snapshot: 13.5 0 8 22.5 0.05 28.1 0.15 0.05 0.15 1326 snap01326.h5
#snapshot: 13.5 0 8 22.5 0.05 28.1 0.15 0.05 0.15 1343 snap01343.h5
#snapshot: 13.5 0 8 22.5 0.05 28.1 0.15 0.05 0.15 1360 snap01360.h5
#snapshot: 13.5 0 8 22.5 0.05 28.1 0.15 0.05 0.15 1377 snap01377.h5
#snapshot: 13.5 0 8 22.5 0.05 28.1 0.15 0.05 0.15 1394 snap01394.h5
#snapshot: 13.5 0 8 22.5 0.05 28.1 0.15 0.05 0.15 1411 snap01411.h5
#snapshot: 13.5 0 8 22.5 0.05 28.1 0.15 0.05 0.15 1428 snap01428.h5
#snapshot: 13.5 0 8 22.5 0.05 28.1 0.15 0.05 0.15 1445 snap01445.h5
#snapshot: 13.5 0 8 22.5 0.05 28.1 0.15 0.05 0.15 1462 snap01462.h5
#snapshot: 13.5 0 8 22.5 0.05 28.1 0.15 0.05 0.15 1479 snap01479.h5
#snapshot: 13.5 0 8 22.5 0.05 28.1 0.15 0.05 0.15 1496 snap01496.h5
#snapshot: 13.5 0 8 22.5 0.05 28.1 0.15 0.05 0.15 1513 snap01513.h5
#snapshot: 13.5 0 8 22.5 0.05 28.1 0.15 0.05 0.15 1530 snap01530.h5
#snapshot: 13.5 0 8 22.5 0.05 28.1 0.15 0.05 0.15 1547 snap01547.h5
#snapshot: 13.5 0 8 22.5 0.05 28.1 0.15 0.05 0.15 1564 snap01564.h5
#snapshot: 13.5 0 8 22.5 0.05 28.1 0.15 0.05 0.15 1581 snap01581.h5
#snapshot: 13.5 0 8 22.5 0.05 28.1 0.15 0.05 0.15 1598 snap01598.h5
#snapshot: 13.5 0 8 22.5 0.05 28.1 0.15 0.05 0.15 1615 snap01615.h5
#snapshot: 13.5 0 8 22.5 0.05 28.1 0.15 0.05 0.15 1632 snap01632.h5
#snapshot: 13.5 0 8 22.5 0.05 28.1 0.15 0.05 0.15 1649 snap01649.h5
#snapshot: 13.5 0 8 22.5 0.05 28.1 0.15 0.05 0.15 1666 snap01666.h5
#snapshot: 13.5 0 8 22.5 0.05 28.1 0.15 0.05 0.15 1683 snap01683.h5
#snapshot: 13.5 0 8 22.5 0.05 28.1 0.15 0.05 0.15 1700 snap01700.h5
#snapshot: 13.5 0 8 22.5 0.05 28.1 0.15 0.05 0.15 1717 snap01717.h5
#snapshot: 13.5 0 8 22.5 0.05 28.1 0.15 0.05 0.15 1734 snap01734.h5
#snapshot: 13.5 0 8 22.5 0.05 28.1 0.15 0.05 0.15 1751 snap01751.h5
#snapshot: 13.5 0 8 22.5 0.05 28.1 0.15 0.05 0.15 1768 snap01768.h5
#snapshot: 13.5 0 8 22.5 0.05 28.1 0.15 0.05 0.15 1785 snap01785.h5
#snapshot: 13.5 0 8 22.5 0.05 28.1 0.15 0.05 0.15 1802 snap01802.h5
#snapshot: 13.5 0 8 22.5 0.05 28.1 0.15 0.05 0.15 1819 snap01819.h5
#snapshot: 13.5 0 8 22.5 0.05 28.1 0.15 0.05 0.15 1836 snap01836.h5
#snapshot: 13.5 0 8 22.5 0.05 28.1 0.15 0.05 0.15 1853 snap01853.h5
#snapshot: 13.5 0 8 22.5 0.05 28.1 0.15 0.05 0.15 1870 snap01870.h5
#snapshot: 13.5 0 8 22.5 0.05 28.1 0.15 0.05 0.15 1887 snap01887.h5
#snapshot: 13.5 0 8 22.5 0.05 28.1 0.15 0.05 0.15 1904 snap01904.h5
#snapshot: 13.5 0 8 22.5 0.05 28.1 0.15 0.05 0.15 1921 snap01921.h5
#snapshot: 13.5 0 8 22.5 0.05 28.1 0.15 0.05 0.15 1938 snap01938.h5
#snapshot: 13.5 0 8 22.5 0.05 28.1 0.15 0.05 0.15 1955 snap01955.h5
#snapshot: 13.5 0 8 22.5 0.05 28.1 0.15 0.05 0.15 1972 snap01972.h5
#snapshot: 13.5 0 8 22.5 0.05 28.1 0.15 0.05 0.15 1989 snap01989.h5
#snapshot: 13.5 0 8 22.5 0.05 28.1 0.15 0.05 0.15 2006 snap02006.h5
#snapshot: 13.5 0 8 22.5 0.05 28.1 0.15 0.05 0.15 2023 snap02023.h5
#snapshot: 13.5 0 8 22.5 0.05 28.1 0.15 0.05 0.15 2040 snap02040.h5
#snapshot: 13.5 0 8 22.5 0.05 28.1 0.15 0.05 0.15 2057 snap02057.h5
#snapshot: 13.5 0 8 22.5 0.05 28.1 0.15 0.05 0.15 2074 snap02074.h5
#snapshot: 13.5 0 8 22.5 0.05 28.1 0.15 0.05 0.15 2091 snap02091.h5
#snapshot: 13.5 0 8 22.5 0.05 28.1 0.15 0.05 0.15 2108 snap02108.h5
#snapshot: 13.5 0 8 22.5 0.05 28.1 0.15 0.05 0.15 2125 snap02125.h5
#snapshot: 13.5 0 8 22.5 0.05 28.1 0.15 0.05 0.15 2142 snap02142.h5
#snapshot: 13.5 0 8 22.5 0.05 28.1 0.15 0.05 0.15 2159 snap02159.h5
#snapshot: 13.5 0 8 22.5 0.05 28.1 0.15 0.05 0.15 2176 snap02176.h5
#snapshot: 13.5 0 8 22.5 0.05 28.1 0.15 0.05 0.15 2193 snap02193.h5
#snapshot: 13.5 0 8 22.5 0.05 28.1 0.15 0.05 0.15 2210 snap02210.h5
#snapshot: 13.5 0 8 22.5 0.05 28.1 0.15 0.05 0.15 2227 snap02227.h5
#snapshot: 13.5 0 8 22.5 0.05 28.1 0.15 0.05 0.15 2244 snap02244.h5
#snapshot: 13.5 0 8 22.5 0.05 28.1 0.15 0.05 0.15 2261 snap02261.h5
#snapshot: 13.5 0 8 22.5 0.05 28.1 0.15 0.05 0.15 2278 snap02278.h5
#snapshot: 13.5 0 8 22.5 0.05 28.1 0.15 0.05 0.15 2295 snap02295.h5
#snapshot: 13.5 0 8 22.5 0.05 28.1 0.15 0.05 0.15 2312 snap02312.h5
#snapshot: 13.5 0 8 22.5 0.05 28.1 0.15 0.05 0.15 2329 snap02329.h5
#snapshot: 13.5 0 8 22.5 0.05 28.1 0.15 0.05 0.15 2346 snap02346.h5
#snapshot: 13.5 0 8 22.5 0.05 28.1 0.15 0.05 0.15 2363 snap02363.h5
#snapshot: 13.5 0 8 22.5 0.05 28.1 0.15 0.05 0.15 2380 snap02380.h5
#snapshot: 13.5 0 8 22.5 0.05 28.1 0.15 0.05 0.15 2397 snap02397.h5
#snapshot: 13.5 0 8 22.5 0.05 28.1 0.15 0.05 0.15 2414 snap02414.h5
#snapshot: 13.5 0 8 22.5 0.05 28.1 0.15 0.05 0.15 2431 snap02431.h5
#snapshot: 13.5 0 8 22.5 0.05 28.1 0.15 0.05 0.15 2448 snap02448.h5
#snapshot: 13.5 0 8 22.5 0.05 28.1 0.15 0.05 0.15 2465 snap02465.h5
#snapshot: 13.5 0 8 22.5 0.05 28.1 0.15 0.05 0.15 2482 snap02482.h5
#snapshot: 13.5 0 8 22.5 0.05 28.1 0.15 0.05 0.15 2499 snap02499.h5
#snapshot: 13.5 0 8 22.5 0.05 28.1 0.15 0.05 0.15 2516 snap02516.h5
#snapshot: 13.5 0 8 22.5 0.05 28.1 0.15 0.05 0.15 2533 snap02533.h5
#snapshot: 13.5 0 8 22.5 0.05 28.1 0.15 0.05 0.15 2550 snap02550.h5
#snapshot: 13.5 0 8 22.5 0.05 28.1 0.15 0.05 0.15 2567 snap02567.h5
#snapshot: 13.5 0 8 22.5 0.05 28.1 0.15 0.05 0.15 2584 snap02584.h5
#snapshot: 13.5 0 8 22.5 0.05 28.1 0.15 0.05 0.15 2601 snap02601.h5
#snapshot: 13.5 0 8 22.5 0.05 28.1 0.15 0.05 0.15 2618 snap02618.h5
#snapshot: 13.5 0 8 22.5 0.05 28.1 0.15 0.05 0.15 2635 snap02635.h5
#snapshot: 13.5 0 8 22.5 0.05 28.1 0.15 0.05 0.15 2652 snap02652.h5
#snapshot: 13.5 0 8 22.5 0.05 28.1 0.15 0.05 0.15 2669 snap02669.h5
#snapshot: 13.5 0 8 22.5 0.05 28.1 0.15 0.05 0.15 2686 snap02686.h5
#snapshot: 13.5 0 8 22.5 0.05 28.1 0.15 0.05 0.15 2703 snap02703.h5
#snapshot: 13.5 0 8 22.5 0.05 28.1 0.15 0.05 0.15 2720 snap02720.h5
#snapshot: 13.5 0 8 22.5 0.05 28.1 0.15 0.05 0.15 2737 snap02737.h5
#snapshot: 13.5 0 8 22.5 0.05 28.1 0.15 0.05 0.15 2754 snap02754.h5
#snapshot: 13.5 0 8 22.5 0.05 28.1 0.15 0.05 0.15 2771 snap02771.h5
#snapshot: 13.5 0 8 22.5 0.05 28.1 0.15 0.05 0.15 2788 snap02788.h5
#snapshot: 13.5 0 8 22.5 0.05 28.1 0.15 0.05 0.15 2805 snap02805.h5
#snapshot: 13.5 0 8 22.5 0.05 28.1 0.15 0.05 0.15 2822 snap02822.h5
#snapshot: 13.5 0 8 22.5 0.05 28.1 0.15 0.05 0.15 2839 snap02839.h5
#snapshot: 13.5 0 8 22.5 0.05 28.1 0.15 0.05 0.15 2856 snap02856.h5
#snapshot: 13.5 0 8 22.5 0.05 28.1 0.15 0.05 0.15 2873 snap02873.h5
#snapshot: 13.5 0 8 22.5 0.05 28.1 0.15 0.05 0.15 2890 snap02890.h5
#snapshot: 13.5 0 8 22.5 0.05 28.1 0.15 0.05 0.15 2907 snap02907.h5
#snapshot: 13.5 0 8 22.5 0.05 28.1 0.15 0.05 0.15 2924 snap02924.h5
#snapshot: 13.5 0 8 22.5 0.05 28.1 0.15 0.05 0.15 2941 snap02941.h5
#snapshot: 13.5 0 8 22.5 0.05 28.1 0.15 0.05 0.15 2958 snap02958.h5
#snapshot: 13.5 0 8 22.5 0.05 28.1 0.15 0.05 0.15 2975 snap02975.h5
#snapshot: 13.5 0 8 22.5 0.05 28.1 0.15 0.05 0.15 2992 snap02992.h5
#snapshot: 13.5 0 8 22.5 0.05 28.1 0.15 0.05 0.15 3009 snap03009.h5
#snapshot: 13.5 0 8 22.5 0.05 28.1 0.15 0.05 0.15 3026 snap03026.h5
#snapshot: 13.5 0 8 22.5 0.05 28.1 0.15 0.05 0.15 3043 snap03043.h5
#snapshot: 13.5 0 8 22.5 0.05 28.1 0.15 0.05 0.15 3060 snap03060.h5
#snapshot: 13.5 0 8 22.5 0.05 28.1 0.15 0.05 0.15 3077 snap03077.h5
#snapshot: 13.5 0 8 22.5 0.05 28.1 0.15 0.05 0.15 3094 snap03094.h5
#snapshot: 13.5 0 8 22.5 0.05 28.1 0.15 0.05 0.15 3111 snap03111.h5
#snapshot: 13.5 0 8 22.5 0.05 28.1 0.15 0.05 0.15 3128 snap03128.h5
#snapshot: 13.5 0 8 22.5 0.05 28.1 0.15 0.05 0.15 3145 snap03145.h5
#snapshot: 13.5 0 8 22.5 0.05 28.1 0.15 0.05 0.15 3162 snap03162.h5
#snapshot: 13.5 0 8 22.5 0.05 28.1 0.15 0.05 0.15 3179 snap03179.h5
#snapshot: 13.5 0 8 22.5 0.05 28.1 0.15 0.05 0.15 3196 snap03196.h5
#snapshot: 13.5 0 8 22.5 0.05 28.1 0.15 0.05 0.15 3213 snap03213.h5
#snapshot: 13.5 0 8 22.5 0.05 28.1 0.15 0.05 0.15 3230 snap03230.h5
#snapshot: 13.5 0 8 22.5 0.05 28.1 0.15 0.05 0.15 3247 snap03247.h5
#snapshot: 13.5 0 8 22.5 0.05 28.1 0.15 0.05 0.15 3264 snap03264.h5
#snapshot: 13.5 0 8 22.5 0.05 28.1 0.15 0.05 0.15 3281 snap03281.h5
#snapshot: 13.5 0 8 22.5 0.05 28.1 0.15 0.05 0.15 3298 snap03298.h5
#snapshot: 13.5 0 8 22.5 0.05 28.1 0.15 0.05 0.15 3315 snap03315.h5
#snapshot: 13.5 0 8 22.5 0.05 28.1 0.15 0.05 0.15 3332 snap03332.h5
#snapshot: 13.5 0 8 22.5 0.05 28.1 0.15 0.05 0.15 3349 snap03349.h5
#snapshot: 13.5 0 8 22.5 0.05 28.1 0.15 0.05 0.15 3366 snap03366.h5
#snapshot: 13.5 0 8 22.5 0.05 28.1 0.15 0.05 0.15 3383 snap03383.h5
#snapshot: 13.5 0 8 22.5 0.05 28.1 0.15 0.05 0.15 3400 snap03400.h5
#snapshot: 13.5 0 8 22.5 0.05 28.1 0.15 0.05 0.15 3417 snap03417.h5
#snapshot: 13.5 0 8 22.5 0.05 28.1 0.15 0.05 0.15 3434 snap03434.h5
#snapshot: 13.5 0 8 22.5 0.05 28.1 0.15 0.05 0.15 3451 snap03451.h5
#snapshot: 13.5 0 8 22.5 0.05 28.1 0.15 0.05 0.15 3468 snap03468.h5
#snapshot: 13.5 0 8 22.5 0.05 28.1 0.15 0.05 0.15 3485 snap03485.h5
#snapshot: 13.5 0 8 22.5 0.05 28.1 0.15 0.05 0.15 3502 snap03502.h5
#snapshot: 13.5 0 8 22.5 0.05 28.1 0.15 0.05 0.15 3519 snap03519.h5
#snapshot: 13.5 0 8 22.5 0.05 28.1 0.15 0.05 0.15 3536 snap03536.h5
#snapshot: 13.5 0 8 22.5 0.05 28.1 0.15 0.05 0.15 3553 snap03553.h5
#snapshot: 13.5 0 8 22.5 0.05 28.1 0.15 0.05 0.15 3570 snap03570.h5
#snapshot: 13.5 0 8 22.5 0.05 28.1 0.15 0.05 0.15 3587 snap03587.h5
#snapshot: 13.5 0 8 22.5 0.05 28.1 0.15 0.05 0.15 3604 snap03604.h5
#snapshot: 13.5 0 8 22.5 0.05 28.1 0.15 0.05 0.15 3621 snap03621.h5
#snapshot: 13.5 0 8 22.5 0.05 28.1 0.15 0.05 0.15 3638 snap03638.h5
#snapshot: 13.5 0 8 22.5 0.05 28.1 0.15 0.05 0.15 3655 snap03655.h5
#snapshot: 13.5 0 8 22.5 0.05 28.1 0.15 0.05 0.15 3672 snap03672.h5
#snapshot: 13.5 0 8 22.5 0.05 28.1 0.15 0.05 0.15 3689 snap03689.h5
#snapshot: 13.5 0 8 22.5 0.05 28.1 0.15 0.05 0.15 3706 snap03706.h5
#snapshot: 13.5 0 8 22.5 0.05 28.1 0.15 0.05 0.15 3723 snap03723.h5
#snapshot: 13.5 0 8 22.5 0.05 28.1 0.15 0.05 0.15 3740 snap03740.h5
#snapshot: 13.5 0 8 22.5 0.05 28.1 0.15 0.05 0.15 3757 snap03757.h5
#snapshot: 13.5 0 8 22.5 0.05 28.1 0.15 0.05 0.15 3774 snap03774.h5
#snapshot: 13.5 0 8 22.5 0.05 28.1 0.15 0.05 0.15 3791 snap03791.h5
#snapshot: 13.5 0 8 22.5 0.05 28.1 0.15 0.05 0.15 3808 snap03808.h5
#snapshot: 13.5 0 8 22.5 0.05 28.1 0.15 0.05 0.15 3825 snap03825.h5
#snapshot: 13.5 0 8 22.5 0.05 28.1 0.15 0.05 0.15 3842 snap03842.h5
#snapshot: 13.5 0 8 22.5 0.05 28.1 0.15 0.05 0.15 3859 snap03859.h5
#snapshot: 13.5 0 8 22.5 0.05 28.1 0.15 0.05 0.15 3876 snap03876.h5
#snapshot: 13.5 0 8 22.5 0.05 28.1 0.15 0.05 0.15 3893 snap03893.h5
#snapshot: 13.5 0 8 22.5 0.05 28.1 0.15 0.05 0.15 3910 snap03910.h5
#snapshot: 13.5 0 8 22.5 0.05 28.1 0.15 0.05 0.15 3927 snap03927.h5
#snapshot: 13.5 0 8 22.5 0.05 28.1 0.15 0.05 0.15 3944 snap03944.h5
#snapshot: 13.5 0 8 22.5 0.05 28.1 0.15 0.05 0.15 3961 snap03961.h5
#snapshot: 13.5 0 8 22.5 0.05 28.1 0.15 0.05 0.15 3978 snap03978.h5
#snapshot: 13.5 0 8 22.5 0.05 28.1 0.15 0.05 0.15 3995 snap03995.h5
#snapshot: 13.5 0 8 22.5 0.05 28.1 0.15 0.05 0.15 4012 snap04012.h5
#snapshot: 13.5 0 8 22.5 0.05 28.1 0.15 0.05 0.15 4029 snap04029.h5
#snapshot: 13.5 0 8 22.5 0.05 28.1 0.15 0.05 0.15 4046 snap04046.h5
#snapshot: 13.5 0 8 22.5 0.05 28.1 0.15 0.05 0.15 4063 snap04063.h5
#snapshot: 13.5 0 8 22.5 0.05 28.1 0.15 0.05 0.15 4080 snap04080.h5
#snapshot: 13.5 0 8 22.5 0.05 28.1 0.15 0.05 0.15 4097 snap04097.h5
#snapshot: 13.5 0 8 22.5 0.05 28.1 0.15 0.05 0.15 4114 snap04114.h5
#snapshot: 13.5 0 8 22.5 0.05 28.1 0.15 0.05 0.15 4131 snap04131.h5
#snapshot: 13.5 0 8 22.5 0.05 28.1 0.15 0.05 0.15 4148 snap04148.h5
#snapshot: 13.5 0 8 22.5 0.05 28.1 0.15 0.05 0.15 4165 snap04165.h5
#snapshot: 13.5 0 8 22.5 0.05 28.1 0.15 0.05 0.15 4182 snap04182.h5
#snapshot: 13.5 0 8 22.5 0.05 28.1 0.15 0.05 0.15 4199 snap04199.h5
#snapshot: 13.5 0 8 22.5 0.05 28.1 0.15 0.05 0.15 4216 snap04216.h5
#snapshot: 13.5 0 8 22.5 0.05 28.1 0.15 0.05 0.15 4233 snap04233.h5
#snapshot: 13.5 0 8 22.5 0.05 28.1 0.15 0.05 0.15 4250 snap04250.h5
#snapshot: 13.5 0 8 22.5 0.05 28.1 0.15 0.05 0.15 4267 snap04267.h5
#snapshot: 13.5 0 8 22.5 0.05 28.1 0.15 0.05 0.15 4284 snap04284.h5
#snapshot: 13.5 0 8 22.5 0.05 28.1 0.15 0.05 0.15 4301 snap04301.h5
#snapshot: 13.5 0 8 22.5 0.05 28.1 0.15 0.05 0.15 4318 snap04318.h5
#snapshot: 13.5 0 8 22.5 0.05 28.1 0.15 0.05 0.15 4335 snap04335.h5
#snapshot: 13.5 0 8 22.5 0.05 28.1 0.15 0.05 0.15 4352 snap04352.h5
#snapshot: 13.5 0 8 22.5 0.05 28.1 0.15 0.05 0.15 4369 snap04369.h5
#snapshot: 13.5 0 8 22.5 0.05 28.1 0.15 0.05 0.15 4386 snap04386.h5
#snapshot: 13.5 0 8 22.5 0.05 28.1 0.15 0.05 0.15 4403 snap04403.h5
#snapshot: 13.5 0 8 22.5 0.05 28.1 0.15 0.05 0.15 4420 snap04420.h5
#snapshot: 13.5 0 8 22.5 0.05 28.1 0.15 0.05 0.15 4437 snap04437.h5
#snapshot: 13.5 0 8 22.5 0.05 28.1 0.15 0.05 0.15 4454 snap04454.h5
#snapshot: 13.5 0 8 22.5 0.05 28.1 0.15 0.05 0.15 4471 snap04471.h5
#snapshot: 13.5 0 8 22.5 0.05 28.1 0.15 0.05 0.15 4488 snap04488.h5
#snapshot: 13.5 0 8 22.5 0.05 28.1 0.15 0.05 0.15 4505 snap04505.h5
#snapshot: 13.5 0 8 22.5 0.05 28.1 0.15 0.05 0.15 4522 snap04522.h5
#snapshot: 13.5 0 8 22.5 0.05 28.1 0.15 0.05 0.15 4539 snap04539.h5
#snapshot: 13.5 0 8 22.5 0.05 28.1 0.15 0.05 0.15 4556 snap04556.h5
#snapshot: 13.5 0 8 22.5 0.05 28.1 0.15 0.05 0.15 4573 snap04573.h5
#snapshot: 13.5 0 8 22.5 0.05 28.1 0.15 0.05 0.15 4590 snap04590.h5
#snapshot: 13.5 0 8 22.5 0.05 28.1 0.15 0.05 0.15 4607 snap04607.h5
#snapshot: 13.5 0 8 22.5 0.05 28.1 0.15 0.05 0.15 4624 snap04624.h5
#snapshot: 13.5 0 8 22.5 0.05 28.1 0.15 0.05 0.15 4641 snap04641.h5
#snapshot: 13.5 0 8 22.5 0.05 28.1 0.15 0.05 0.15 4658 snap04658.h5
#snapshot: 13.5 0 8 22.5 0.05 28.1 0.15 0.05 0.15 4675 snap04675.h5
#snapshot: 13.5 0 8 22.5 0.05 28.1 0.15 0.05 0.15 4692 snap04692.h5
#snapshot: 13.5 0 8 22.5 0.05 28.1 0.15 0.05 0.15 4709 snap04709.h5
#snapshot: 13.5 0 8 22.5 0.05 28.1 0.15 0.05 0.15 4726 snap04726.h5
#snapshot: 13.5 0 8 22.5 0.05 28.1 0.15 0.05 0.15 4743 snap04743.h5
#snapshot: 13.5 0 8 22.5 0.05 28.1 0.15 0.05 0.15 4760 snap04760.h5
#snapshot: 13.5 0 8 22.5 0.05 28.1 0.15 0.05 0.15 4777 snap04777.h5
#snapshot: 13.5 0 8 22.5 0.05 28.1 0.15 0.05 0.15 4794 snap04794.h5
#snapshot: 13.5 0 8 22.5 0.05 28.1 0.15 0.05 0.15 4811 snap04811.h5
#snapshot: 13.5 0 8 22.5 0.05 28.1 0.15 0.05 0.15 4828 snap04828.h5
#snapshot: 13.5 0 8 22.5 0.05 28.1 0.15 0.05 0.15 4845 snap04845.h5
#snapshot: 13.5 0 8 22.5 0.05 28.1 0.15 0.05 0.15 4862 snap04862.h5
#snapshot: 13.5 0 8 22.5 0.05 28.1 0.15 0.05 0.15 4879 snap04879.h5
#snapshot: 13.5 0 8 22.5 0.05 28.1 0.15 0.05 0.15 4896 snap04896.h5
#snapshot: 13.5 0 8 22.5 0.05 28.1 0.15 0.05 0.15 4913 snap04913.h5
#snapshot: 13.5 0 8 22.5 0.05 28.1 0.15 0.05 0.15 4930 snap04930.h5
#snapshot: 13.5 0 8 22.5 0.05 28.1 0.15 0.05 0.15 4947 snap04947.h5
#snapshot: 13.5 0 8 22.5 0.05 28.1 0.15 0.05 0.15 4964 snap04964.h5
#snapshot: 13.5 0 8 22.5 0.05 28.1 0.15 0.05 0.15 4981 snap04981.h5
#snapshot: 13.5 0 8 22.5 0.05 28.1 0.15 0.05 0.15 4998 snap04998.h5
#snapshot: 13.5 0 8 22.5 0.05 28.1 0.15 0.05 0.15 5015 snap05015.h5
#snapshot: 13.5 0 8 22.5 0.05 28.1 0.15 0.05 0.15 5032 snap05032.h5
#snapshot: 13.5 0 8 22.5 0.05 28.1 0.15 0.05 0.15 5049 snap05049.h5
#snapshot: 13.5 0 8 22.5 0.05 28.1 0.15 0.05 0.15 5066 snap05066.h5
#snapshot: 13.5 0 8 22.5 0.05 28.1 0.15 0.05 0.15 5083 snap05083.h5
#snapshot: 13.5 0 8 22.5 0.05 28.1 0.15 0.05 0.15 5100 snap05100.h5
#snapshot: 13.5 0 8 22.5 0.05 28.1 0.15 0.05 0.15 5117 snap05117.h5
#snapshot: 13.5 0 8 22.5 0.05 28.1 0.15 0.05 0.15 5134 snap05134.h5
#snapshot: 13.5 0 8 22.5 0.05 28.1 0.15 0.05 0.15 5151 snap05151.h5
#snapshot: 13.5 0 8 22.5 0.05 28.1 0.15 0.05 0.15 5168 snap05168.h5
#snapshot: 13.5 0 8 22.5 0.05 28.1 0.15 0.05 0.15 5185 snap05185.h5
#snapshot: 13.5 0 8 22.5 0.05 28.1 0.15 0.05 0.15 5202 snap05202.h5
#snapshot: 13.5 0 8 22.5 0.05 28.1 0.15 0.05 0.15 5219 snap05219.h5
#snapshot: 13.5 0 8 22.5 0.05 28.1 0.15 0.05 0.15 5236 snap05236.h5
#snapshot: 13.5 0 8 22.5 0.05 28.1 0.15 0.05 0.15 5253 snap05253.h5
#snapshot: 13.5 0 8 22.5 0.05 28.1 0.15 0.05 0.15 5270 snap05270.h5
#snapshot: 13.5 0 8 22.5 0.05 28.1 0.15 0.05 0.15 5287 snap05287.h5
#snapshot: 13.5 0 8 22.5 0.05 28.1 0.15 0.05 0.15 5304 snap05304.h5
#snapshot: 13.5 0 8 22.5 0.05 28.1 0.15 0.05 0.15 5321 snap05321.h5
#snapshot: 13.5 0 8 22.5 0.05 28.1 0.15 0.05 0.15 5338 snap05338.h5
#snapshot: 13.5 0 8 22.5 0.05 28.1 0.15 0.05 0.15 5355 snap05355.h5
#snapshot: 13.5 0 8 22.5 0.05 28.1 0.15 0.05 0.15 5372 snap05372.h5
#snapshot: 13.5 0 8 22.5 0.05 28.1 0.15 0.05 0.15 5389 snap05389.h5
#snapshot: 13.5 0 8 22.5 0.05 28.1 0.15 0.05 0.15 5406 snap05406.h5
#snapshot: 13.5 0 8 22.5 0.05 28.1 0.15 0.05 0.15 5423 snap05423.h5
#snapshot: 13.5 0 8 22.5 0.05 28.1 0.15 0.05 0.15 5440 snap05440.h5
#snapshot: 13.5 0 8 22.5 0.05 28.1 0.15 0.05 0.15 5457 snap05457.h5
#snapshot: 13.5 0 8 22.5 0.05 28.1 0.15 0.05 0.15 5474 snap05474.h5
#snapshot: 13.5 0 8 22.5 0.05 28.1 0.15 0.05 0.15 5491 snap05491.h5
#snapshot: 13.5 0 8 22.5 0.05 28.1 0.15 0.05 0.15 5508 snap05508.h5
#snapshot: 13.5 0 8 22.5 0.05 28.1 0.15 0.05 0.15 5525 snap05525.h5
#snapshot: 13.5 0 8 22.5 0.05 28.1 0.15 0.05 0.15 5542 snap05542.h5
#snapshot: 13.5 0 8 22.5 0.05 28.1 0.15 0.05 0.15 5559 snap05559.h5
#snapshot: 13.5 0 8 22.5 0.05 28.1 0.15 0.05 0.15 5576 snap05576.h5
#snapshot: 13.5 0 8 22.5 0.05 28.1 0.15 0.05 0.15 5593 snap05593.h5
#snapshot: 13.5 0 8 22.5 0.05 28.1 0.15 0.05 0.15 5610 snap05610.h5
#snapshot: 13.5 0 8 22.5 0.05 28.1 0.15 0.05 0.15 5627 snap05627.h5
#snapshot: 13.5 0 8 22.5 0.05 28.1 0.15 0.05 0.15 5644 snap05644.h5
#snapshot: 13.5 0 8 22.5 0.05 28.1 0.15 0.05 0.15 5661 snap05661.h5
#snapshot: 13.5 0 8 22.5 0.05 28.1 0.15 0.05 0.15 5678 snap05678.h5
#snapshot: 13.5 0 8 22.5 0.05 28.1 0.15 0.05 0.15 5695 snap05695.h5
#snapshot: 13.5 0 8 22.5 0.05 28.1 0.15 0.05 0.15 5712 snap05712.h5
#snapshot: 13.5 0 8 22.5 0.05 28.1 0.15 0.05 0.15 5729 snap05729.h5
#snapshot: 13.5 0 8 22.5 0.05 28.1 0.15 0.05 0.15 5746 snap05746.h5
#snapshot: 13.5 0 8 22.5 0.05 28.1 0.15 0.05 0.15 5763 snap05763.h5
#snapshot: 13.5 0 8 22.5 0.05 28.1 0.15 0.05 0.15 5780 snap05780.h5
#snapshot: 13.5 0 8 22.5 0.05 28.1 0.15 0.05 0.15 5797 snap05797.h5
#snapshot: 13.5 0 8 22.5 0.05 28.1 0.15 0.05 0.15 5814 snap05814.h5
#snapshot: 13.5 0 8 22.5 0.05 28.1 0.15 0.05 0.15 5831 snap05831.h5
#snapshot: 13.5 0 8 22.5 0.05 28.1 0.15 0.05 0.15 5848 snap05848.h5
#snapshot: 13.5 0 8 22.5 0.05 28.1 0.15 0.05 0.15 5865 snap05865.h5
#snapshot: 13.5 0 8 22.5 0.05 28.1 0.15 0.05 0.15 5882 snap05882.h5
#snapshot: 13.5 0 8 22.5 0.05 28.1 0.15 0.05 0.15 5899 snap05899.h5
#snapshot: 13.5 0 8 22.5 0.05 28.1 0.15 0.05 0.15 5916 snap05916.h5
#snapshot: 13.5 0 8 22.5 0.05 28.1 0.15 0.05 0.15 5933 snap05933.h5
#snapshot: 13.5 0 8 22.5 0.05 28.1 0.15 0.05 0.15 5950 snap05950.h5
#snapshot: 13.5 0 8 22.5 0.05 28.1 0.15 0.05 0.15 5967 snap05967.h5
#snapshot: 13.5 0 8 22.5 0.05 28.1 0.15 0.05 0.15 5984 snap05984.h5
#snapshot: 13.5 0 8 22.5 0.05 28.1 0.15 0.05 0.15 6001 snap06001.h5
#snapshot: 13.5 0 8 22.5 0.05 28.1 0.15 0.05 0.15 6018 snap06018.h5
#snapshot: 13.5 0 8 22.5 0.05 28.1 0.15 0.05 0.15 6035 snap06035.h5
#snapshot: 13.5 0 8 22.5 0.05 28.1 0.15 0.05 0.15 6052 snap06052.h5
#snapshot: 13.5 0 8 22.5 0.05 28.1 0.15 0.05 0.15 6069 snap06069.h5
#snapshot: 13.5 0 8 22.5 0.05 28.1 0.15 0.05 0.15 6086 snap06086.h5
#snapshot: 13.5 0 8 22.5 0.05 28.1 0.15 0.05 0.15 6103 snap06103.h5
#snapshot: 13.5 0 8 22.5 0.05 28.1 0.15 0.05 0.15 6120 snap06120.h5
#snapshot: 13.5 0 8 22.5 0.05 28.1 0.15 0.05 0.15 6137 snap06137.h5
#snapshot: 13.5 0 8 22.5 0.05 28.1 0.15 0.05 0.15 6154 snap06154.h5
#snapshot: 13.5 0 8 22.5 0.05 28.1 0.15 0.05 0.15 6171 snap06171.h5
#snapshot: 13.5 0 8 22.5 0.05 28.1 0.15 0.05 0.15 6188 snap06188.h5
#snapshot: 13.5 0 8 22.5 0.05 28.1 0.15 0.05 0.15 6205 snap06205.h5
#snapshot: 13.5 0 8 22.5 0.05 28.1 0.15 0.05 0.15 6222 snap06222.h5
#snapshot: 13.5 0 8 22.5 0.05 28.1 0.15 0.05 0.15 6239 snap06239.h5
#snapshot: 13.5 0 8 22.5 0.05 28.1 0.15 0.05 0.15 6256 snap06256.h5
#snapshot: 13.5 0 8 22.5 0.05 28.1 0.15 0.05 0.15 6273 snap06273.h5
#snapshot: 13.5 0 8 22.5 0.05 28.1 0.15 0.05 0.15 6290 snap06290.h5
#snapshot: 13.5 0 8 22.5 0.05 28.1 0.15 0.05 0.15 6307 snap06307.h5
#snapshot: 13.5 0 8 22.5 0.05 28.1 0.15 0.05 0.15 6324 snap06324.h5
#snapshot: 13.5 0 8 22.5 0.05 28.1 0.15 0.05 0.15 6341 snap06341.h5
#snapshot: 13.5 0 8 22.5 0.05 28.1 0.15 0.05 0.15 6358 snap06358.h5
#snapshot: 13.5 0 8 22.5 0.05 28.1 0.15 0.05 0.15 6375 snap06375.h5
#snapshot: 13.5 0 8 22.5 0.05 28.1 0.15 0.05 0.15 6392 snap06392.h5
#snapshot: 13.5 0 8 22.5 0.05 28.1 0.15 0.05 0.15 6409 snap06409.h5
#snapshot: 13.5 0 8 22.5 0.05 28.1 0.15 0.05 0.15 6426 snap06426.h5
#snapshot: 13.5 0 8 22.5 0.05 28.1 0.15 0.05 0.15 6443 snap06443.h5
#snapshot: 13.5 0 8 22.5 0.05 28.1 0.15 0.05 0.15 6460 snap06460.h5
#snapshot: 13.5 0 8 22.5 0.05 28.1 0.15 0.05 0.15 6477 snap06477.h5
#snapshot: 13.5 0 8 22.5 0.05 28.1 0.15 0.05 0.15 6494 snap06494.h5
#snapshot: 13.5 0 8 22.5 0.05 28.1 0.15 0.05 0.15 6511 snap06511.h5
#snapshot: 13.5 0 8 22.5 0.05 28.1 0.15 0.05 0.15 6528 snap06528.h5
#snapshot: 13.5 0 8 22.5 0.05 28.1 0.15 0.05 0.15 6545 snap06545.h5
#snapshot: 13.5 0 8 22.5 0.05 28.1 0.15 0.05 0.15 6562 snap06562.h5
#snapshot: 13.5 0 8 22.5 0.05 28.1 0.15 0.05 0.15 6579 snap06579.h5
#snapshot: 13.5 0 8 22.5 0.05 28.1 0.15 0.05 0.15 6596 snap06596.h5
#snapshot: 13.5 0 8 22.5 0.05 28.1 0.15 0.05 0.15 6613 snap06613.h5
#snapshot: 13.5 0 8 22.5 0.05 28.1 0.15 0.05 0.15 6630 snap06630.h5
#snapshot: 13.5 0 8 22.5 0.05 28.1 0.15 0.05 0.15 6647 snap06647.h5
#snapshot: 13.5 0 8 22.5 0.05 28.1 0.15 0.05 0.15 6664 snap06664.h5
#snapshot: 13.5 0 8 22.5 0.05 28.1 0.15 0.05 0.15 6681 snap06681.h5
#snapshot: 13.5 0 8 22.5 0.05 28.1 0.15 0.05 0.15 6698 snap06698.h5
#snapshot: 13.5 0 8 22.5 0.05 28.1 0.15 0.05 0.15 6715 snap06715.h5
#snapshot: 13.5 0 8 22.5 0.05 28.1 0.15 0.05 0.15 6732 snap06732.h5
#snapshot: 13.5 0 8 22.5 0.05 28.1 0.15 0.05 0.15 6749 snap06749.h5
#snapshot: 13.5 0 8 22.5 0.05 28.1 0.15 0.05 0.15 6766 snap06766.h5
#snapshot: 13.5 0 8 22.5 0.05 28.1 0.15 0.05 0.15 6783 snap06783.h5
#snapshot: 13.5 0 8 22.5 0.05 28.1 0.15 0.05 0.15 6800 snap06800.h5
#snapshot: 13.5 0 8 22.5 0.05 28.1 0.15 0.05 0.15 6817 snap06817.h5
#snapshot: 13.5 0 8 22.5 0.05 28.1 0.15 0.05 0.15 6834 snap06834.h5
#snapshot: 13.5 0 8 22.5 0.05 28.1 0.15 0.05 0.15 6851 snap06851.h5
#snapshot: 13.5 0 8 22.5 0.05 28.1 0.15 0.05 0.15 6868 snap06868.h5
#snapshot: 13.5 0 8 22.5 0.05 28.1 0.15 0.05 0.15 6885 snap06885.h5
#snapshot: 13.5 0 8 22.5 0.05 28.1 0.15 0.05 0.15 6902 snap06902.h5
#snapshot: 13.5 0 8 22.5 0.05 28.1 0.15 0.05 0.15 6919 snap06919.h5
#snapshot: 13.5 0 8 22.5 0.05 28.1 0.15 0.05 0.15 6936 snap06936.h5
#snapshot: 13.5 0 8 22.5 0.05 28.1 0.15 0.05 0.15 6953 snap06953.h5
#snapshot: 13.5 0 8 22.5 0.05 28.1 0.15 0.05 0.15 6970 snap06970.h5
#snapshot: 13.5 0 8 22.5 0.05 28.1 0.15 0.05 0.15 6987 snap06987.h5
#snapshot: 13.5 0 8 22.5 0.05 28.1 0.15 0.05 0.15 7004 snap07004.h5
#snapshot: 13.5 0 8 22.5 0.05 28.1 0.15 0.05 0.15 7021 snap07021.h5
#snapshot: 13.5 0 8 22.5 0.05 28.1 0.15 0.05 0.15 7038 snap07038.h5
#snapshot: 13.5 0 8 22.5 0.05 28.1 0.15 0.05 0.15 7055 snap07055.h5
#snapshot: 13.5 0 8 22.5 0.05 28.1 0.15 0.05 0.15 7072 snap07072.h5
#snapshot: 13.5 0 8 22.5 0.05 28.1 0.15 0.05 0.15 7089 snap07089.h5
#snapshot: 13.5 0 8 22.5 0.05 28.1 0.15 0.05 0.15 7106 snap07106.h5
#snapshot: 13.5 0 8 22.5 0.05 28.1 0.15 0.05 0.15 7123 snap07123.h5
#snapshot: 13.5 0 8 22.5 0.05 28.1 0.15 0.05 0.15 7140 snap07140.h5
#snapshot: 13.5 0 8 22.5 0.05 28.1 0.15 0.05 0.15 7157 snap07157.h5
#snapshot: 13.5 0 8 22.5 0.05 28.1 0.15 0.05 0.15 7174 snap07174.h5
#snapshot: 13.5 0 8 22.5 0.05 28.1 0.15 0.05 0.15 7191 snap07191.h5
#snapshot: 13.5 0 8 22.5 0.05 28.1 0.15 0.05 0.15 7208 snap07208.h5
#snapshot: 13.5 0 8 22.5 0.05 28.1 0.15 0.05 0.15 7225 snap07225.h5
#snapshot: 13.5 0 8 22.5 0.05 28.1 0.15 0.05 0.15 7242 snap07242.h5
#snapshot: 13.5 0 8 22.5 0.05 28.1 0.15 0.05 0.15 7259 snap07259.h5
#snapshot: 13.5 0 8 22.5 0.05 28.1 0.15 0.05 0.15 7276 snap07276.h5
#snapshot: 13.5 0 8 22.5 0.05 28.1 0.15 0.05 0.15 7293 snap07293.h5
#snapshot: 13.5 0 8 22.5 0.05 28.1 0.15 0.05 0.15 7310 snap07310.h5
#snapshot: 13.5 0 8 22.5 0.05 28.1 0.15 0.05 0.15 7327 snap07327.h5
#snapshot: 13.5 0 8 22.5 0.05 28.1 0.15 0.05 0.15 7344 snap07344.h5
#snapshot: 13.5 0 8 22.5 0.05 28.1 0.15 0.05 0.15 7361 snap07361.h5
#snapshot: 13.5 0 8 22.5 0.05 28.1 0.15 0.05 0.15 7378 snap07378.h5
#snapshot: 13.5 0 8 22.5 0.05 28.1 0.15 0.05 0.15 7395 snap07395.h5
#snapshot: 13.5 0 8 22.5 0.05 28.1 0.15 0.05 0.15 7412 snap07412.h5
#snapshot: 13.5 0 8 22.5 0.05 28.1 0.15 0.05 0.15 7429 snap07429.h5
#snapshot: 13.5 0 8 22.5 0.05 28.1 0.15 0.05 0.15 7446 snap07446.h5
#snapshot: 13.5 0 8 22.5 0.05 28.1 0.15 0.05 0.15 7463 snap07463.h5
#snapshot: 13.5 0 8 22.5 0.05 28.1 0.15 0.05 0.15 7480 snap07480.h5
#snapshot: 13.5 0 8 22.5 0.05 28.1 0.15 0.05 0.15 7497 snap07497.h5
#snapshot: 13.5 0 8 22.5 0.05 28.1 0.15 0.05 0.15 7514 snap07514.h5
#snapshot: 13.5 0 8 22.5 0.05 28.1 0.15 0.05 0.15 7531 snap07531.h5
#snapshot: 13.5 0 8 22.5 0.05 28.1 0.15 0.05 0.15 7548 snap07548.h5
#snapshot: 13.5 0 8 22.5 0.05 28.1 0.15 0.05 0.15 7565 snap07565.h5
#snapshot: 13.5 0 8 22.5 0.05 28.1 0.15 0.05 0.15 7582 snap07582.h5
#snapshot: 13.5 0 8 22.5 0.05 28.1 0.15 0.05 0.15 7599 snap07599.h5
#snapshot: 13.5 0 8 22.5 0.05 28.1 0.15 0.05 0.15 7616 snap07616.h5
#snapshot: 13.5 0 8 22.5 0.05 28.1 0.15 0.05 0.15 7633 snap07633.h5
#snapshot: 13.5 0 8 22.5 0.05 28.1 0.15 0.05 0.15 7650 snap07650.h5
#snapshot: 13.5 0 8 22.5 0.05 28.1 0.15 0.05 0.15 7667 snap07667.h5
#snapshot: 13.5 0 8 22.5 0.05 28.1 0.15 0.05 0.15 7684 snap07684.h5
#snapshot: 13.5 0 8 22.5 0.05 28.1 0.15 0.05 0.15 7701 snap07701.h5
#snapshot: 13.5 0 8 22.5 0.05 28.1 0.15 0.05 0.15 7718 snap07718.h5
#snapshot: 13.5 0 8 22.5 0.05 28.1 0.15 0.05 0.15 7735 snap07735.h5
#snapshot: 13.5 0 8 22.5 0.05 28.1 0.15 0.05 0.15 7752 snap07752.h5
#snapshot: 13.5 0 8 22.5 0.05 28.1 0.15 0.05 0.15 7769 snap07769.h5
#snapshot: 13.5 0 8 22.5 0.05 28.1 0.15 0.05 0.15 7786 snap07786.h5
#snapshot: 13.5 0 8 22.5 0.05 28.1 0.15 0.05 0.15 7803 snap07803.h5
#snapshot: 13.5 0 8 22.5 0.05 28.1 0.15 0.05 0.15 7820 snap07820.h5
#snapshot: 13.5 0 8 22.5 0.05 28.1 0.15 0.05 0.15 7837 snap07837.h5
#snapshot: 13.5 0 8 22.5 0.05 28.1 0.15 0.05 0.15 7854 snap07854.h5
#snapshot: 13.5 0 8 22.5 0.05 28.1 0.15 0.05 0.15 7871 snap07871.h5
#snapshot: 13.5 0 8 22.5 0.05 28.1 0.15 0.05 0.15 7888 snap07888.h5
#snapshot: 13.5 0 8 22.5 0.05 28.1 0.15 0.05 0.15 7905 snap07905.h5
#snapshot: 13.5 0 8 22.5 0.05 28.1 0.15 0.05 0.15 7922 snap07922.h5
#snapshot: 13.5 0 8 22.5 0.05 28.1 0.15 0.05 0.15 7939 snap07939.h5
#snapshot: 13.5 0 8 22.5 0.05 28.1 0.15 0.05 0.15 7956 snap07956.h5
#snapshot: 13.5 0 8 22.5 0.05 28.1 0.15 0.05 0.15 7973 snap07973.h5
#snapshot: 13.5 0 8 22.5 0.05 28.1 0.15 0.05 0.15 7990 snap07990.h5
#snapshot: 13.5 0 8 22.5 0.05 28.1 0.15 0.05 0.15 8007 snap08007.h5
#snapshot: 13.5 0 8 22.5 0.05 28.1 0.15 0.05 0.15 8024 snap08024.h5
#snapshot: 13.5 0 8 22.5 0.05 28.1 0.15 0.05 0.15 8041 snap08041.h5
#snapshot: 13.5 0 8 22.5 0.05 28.1 0.15 0.05 0.15 8058 snap08058.h5
#snapshot: 13.5 0 8 22.5 0.05 28.1 0.15 0.05 0.15 8075 snap08075.h5
#snapshot: 13.5 0 8 22.5 0.05 28.1 0.15 0.05 0.15 8092 snap08092.h5
#snapshot: 13.5 0 8 22.5 0.05 28.1 0.15 0.05 0.15 8109 snap08109.h5
#snapshot: 13.5 0 8 22.5 0.05 28.1 0.15 0.05 0.15 8126 snap08126.h5
#snapshot: 13.5 0 8 22.5 0.05 28.1 0.15 0.05 0.15 8143 snap08143.h5
#snapshot: 13.5 0 8 22.5 0.05 28.1 0.15 0.05 0.15 8160 snap08160.h5
#snapshot: 13.5 0 8 22.5 0.05 28.1 0.15 0.05 0.15 8177 snap08177.h5
#snapshot: 13.5 0 8 22.5 0.05 28.1 0.15 0.05 0.15 8194 snap08194.h5
#snapshot: 13.5 0 8 22.5 0.05 28.1 0.15 0.05 0.15 8211 snap08211.h5
#snapshot: 13.5 0 8 22.5 0.05 28.1 0.15 0.05 0.15 8228 snap08228.h5
#snapshot: 13.5 0 8 22.5 0.05 28.1 0.15 0.05 0.15 8245 snap08245.h5
#snapshot: 13.5 0 8 22.5 0.05 28.1 0.15 0.05 0.15 8262 snap08262.h5
#snapshot: 13.5 0 8 22.5 0.05 28.1 0.15 0.05 0.15 8279 snap08279.h5
#snapshot: 13.5 0 8 22.5 0.05 28.1 0.15 0.05 0.15 8296 snap08296.h5
#snapshot: 13.5 0 8 22.5 0.05 28.1 0.15 0.05 0.15 8313 snap08313.h5
#snapshot: 13.5 0 8 22.5 0.05 28.1 0.15 0.05 0.15 8330 snap08330.h5
#snapshot: 13.5 0 8 22.5 0.05 28.1 0.15 0.05 0.15 8347 snap08347.h5
#snapshot: 13.5 0 8 22.5 0.05 28.1 0.15 0.05 0.15 8364 snap08364.h5
#snapshot: 13.5 0 8 22.5 0.05 28.1 0.15 0.05 0.15 8381 snap08381.h5
#snapshot: 13.5 0 8 22.5 0.05 28.1 0.15 0.05 0.15 8398 snap08398.h5
#snapshot: 13.5 0 8 22.5 0.05 28.1 0.15 0.05 0.15 8415 snap08415.h5
#snapshot: 13.5 0 8 22.5 0.05 28.1 0.15 0.05 0.15 8432 snap08432.h5
#snapshot: 13.5 0 8 22.5 0.05 28.1 0.15 0.05 0.15 8449 snap08449.h5
#snapshot: 13.5 0 8 22.5 0.05 28.1 0.15 0.05 0.15 8466 snap08466.h5
#snapshot: 13.5 0 8 22.5 0.05 28.1 0.15 0.05 0.15 8483 snap08483.h5
#snapshot: 13.5 0 8 22.5 0.05 28.1 0.15 0.05 0.15 8500 snap08500.h5
#snapshot: 13.5 0 8 22.5 0.05 28.1 0.15 0.05 0.15 8517 snap08517.h5
#snapshot: 13.5 0 8 22.5 0.05 28.1 0.15 0.05 0.15 8534 snap08534.h5
#snapshot: 13.5 0 8 22.5 0.05 28.1 0.15 0.05 0.15 8551 snap08551.h5
#snapshot: 13.5 0 8 22.5 0.05 28.1 0.15 0.05 0.15 8568 snap08568.h5
#snapshot: 13.5 0 8 22.5 0.05 28.1 0.15 0.05 0.15 8585 snap08585.h5
#snapshot: 13.5 0 8 22.5 0.05 28.1 0.15 0.05 0.15 8602 snap08602.h5
#snapshot: 13.5 0 8 22.5 0.05 28.1 0.15 0.05 0.15 8619 snap08619.h5
#snapshot: 13.5 0 8 22.5 0.05 28.1 0.15 0.05 0.15 8636 snap08636.h5
#snapshot: 13.5 0 8 22.5 0.05 28.1 0.15 0.05 0.15 8653 snap08653.h5
#snapshot: 13.5 0 8 22.5 0.05 28.1 0.15 0.05 0.15 8670 snap08670.h5
#snapshot: 13.5 0 8 22.5 0.05 28.1 0.15 0.05 0.15 8687 snap08687.h5
#snapshot: 13.5 0 8 22.5 0.05 28.1 0.15 0.05 0.15 8704 snap08704.h5
#snapshot: 13.5 0 8 22.5 0.05 28.1 0.15 0.05 0.15 8721 snap08721.h5
#snapshot: 13.5 0 8 22.5 0.05 28.1 0.15 0.05 0.15 8738 snap08738.h5
#snapshot: 13.5 0 8 22.5 0.05 28.1 0.15 0.05 0.15 8755 snap08755.h5
#snapshot: 13.5 0 8 22.5 0.05 28.1 0.15 0.05 0.15 8772 snap08772.h5
#snapshot: 13.5 0 8 22.5 0.05 28.1 0.15 0.05 0.15 8789 snap08789.h5
#snapshot: 13.5 0 8 22.5 0.05 28.1 0.15 0.05 0.15 8806 snap08806.h5
#snapshot: 13.5 0 8 22.5 0.05 28.1 0.15 0.05 0.15 8823 snap08823.h5
#snapshot: 13.5 0 8 22.5 0.05 28.1 0.15 0.05 0.15 8840 snap08840.h5
#snapshot: 13.5 0 8 22.5 0.05 28.1 0.15 0.05 0.15 8857 snap08857.h5
#snapshot: 13.5 0 8 22.5 0.05 28.1 0.15 0.05 0.15 8874 snap08874.h5
#snapshot: 13.5 0 8 22.5 0.05 28.1 0.15 0.05 0.15 8891 snap08891.h5
#snapshot: 13.5 0 8 22.5 0.05 28.1 0.15 0.05 0.15 8908 snap08908.h5
#snapshot: 13.5 0 8 22.5 0.05 28.1 0.15 0.05 0.15 8925 snap08925.h5
#snapshot: 13.5 0 8 22.5 0.05 28.1 0.15 0.05 0.15 8942 snap08942.h5
#snapshot: 13.5 0 8 22.5 0.05 28.1 0.15 0.05 0.15 8959 snap08959.h5
#snapshot: 13.5 0 8 22.5 0.05 28.1 0.15 0.05 0.15 8976 snap08976.h5
#snapshot: 13.5 0 8 22.5 0.05 28.1 0.15 0.05 0.15 8993 snap08993.h5
#snapshot: 13.5 0 8 22.5 0.05 28.1 0.15 0.05 0.15 9010 snap09010.h5
#snapshot: 13.5 0 8 22.5 0.05 28.1 0.15 0.05 0.15 9027 snap09027.h5
#snapshot: 13.5 0 8 22.5 0.05 28.1 0.15 0.05 0.15 9044 snap09044.h5
#snapshot: 13.5 0 8 22.5 0.05 28.1 0.15 0.05 0.15 9061 snap09061.h5
#snapshot: 13.5 0 8 22.5 0.05 28.1 0.15 0.05 0.15 9078 snap09078.h5
#snapshot: 13.5 0 8 22.5 0.05 28.1 0.15 0.05 0.15 9095 snap09095.h5
#snapshot: 13.5 0 8 22.5 0.05 28.1 0.15 0.05 0.15 9112 snap09112.h5
#snapshot: 13.5 0 8 22.5 0.05 28.1 0.15 0.05 0.15 9129 snap09129.h5
#snapshot: 13.5 0 8 22.5 0.05 28.1 0.15 0.05 0.15 9146 snap09146.h5
#snapshot: 13.5 0 8 22.5 0.05 28.1 0.15 0.05 0.15 9163 snap09163.h5
#snapshot: 13.5 0 8 22.5 0.05 28.1 0.15 0.05 0.15 9180 snap09180.h5
#snapshot: 13.5 0 8 22.5 0.05 28.1 0.15 0.05 0.15 9197 snap09197.h5
#snapshot: 13.5 0 8 22.5 0.05 28.1 0.15 0.05 0.15 9214 snap09214.h5
#snapshot: 13.5 0 8 22.5 0.05 28.1 0.15 0.05 0.15 9231 snap09231.h5
#snapshot: 13.5 0 8 22.5 0.05 28.1 0.15 0.05 0.15 9248 snap09248.h5
#snapshot: 13.5 0 8 22.5 0.05 28.1 0.15 0.05 0.15 9265 snap09265.h5
#snapshot: 13.5 0 8 22.5 0.05 28.1 0.15 0.05 0.15 9282 snap09282.h5
#snapshot: 13.5 0 8 22.5 0.05 28.1 0.15 0.05 0.15 9299 snap09299.h5
#snapshot: 13.5 0 8 22.5 0.05 28.1 0.15 0.05 0.15 9316 snap09316.h5
#snapshot: 13.5 0 8 22.5 0.05 28.1 0.15 0.05 0.15 9333 snap09333.h5
#snapshot: 13.5 0 8 22.5 0.05 28.1 0.15 0.05 0.15 9350 snap09350.h5
#snapshot: 13.5 0 8 22.5 0.05 28.1 0.15 0.05 0.15 9367 snap09367.h5
#snapshot: 13.5 0 8 22.5 0.05 28.1 0.15 0.05 0.15 9384 snap09384.h5
#snapshot: 13.5 0 8 22.5 0.05 28.1 0.15 0.05 0.15 9401 snap09401.h5
#snapshot: 13.5 0 8 22.5 0.05 28.1 0.15 0.05 0.15 9418 snap09418.h5
#snapshot: 13.5 0 8 22.5 0.05 28.1 0.15 0.05 0.15 9435 snap09435.h5
#snapshot: 13.5 0 8 22.5 0.05 28.1 0.15 0.05 0.15 9452 snap09452.h5
#snapshot: 13.5 0 8 22.5 0.05 28.1 0.15 0.05 0.15 9469 snap09469.h5
#snapshot: 13.5 0 8 22.5 0.05 28.1 0.15 0.05 0.15 9486 snap09486.h5
#snapshot: 13.5 0 8 22.5 0.05 28.1 0.15 0.05 0.15 9503 snap09503.h5
#snapshot: 13.5 0 8 22.5 0.05 28.1 0.15 0.05 0.15 9520 snap09520.h5
#snapshot: 13.5 0 8 22.5 0.05 28.1 0.15 0.05 0.15 9537 snap09537.h5
#snapshot: 13.5 0 8 22.5 0.05 28.1 0.15 0.05 0.15 9554 snap09554.h5
#snapshot: 13.5 0 8 22.5 0.05 28.1 0.15 0.05 0.15 9571 snap09571.h5
#snapshot: 13.5 0 8 22.5 0.05 28.1 0.15 0.05 0.15 9588 snap09588.h5
#snapshot: 13.5 0 8 22.5 0.05 28.1 0.15 0.05 0.15 9605 snap09605.h5
#snapshot: 13.5 0 8 22.5 0.05 28.1 0.15 0.05 0.15 9622 snap09622.h5
#snapshot: 13.5 0 8 22.5 0.05 28.1 0.15 0.05 0.15 9639 snap09639.h5
#snapshot: 13.5 0 8 22.5 0.05 28.1 0.15 0.05 0.15 9656 snap09656.h5
#snapshot: 13.5 0 8 22.5 0.05 28.1 0.15 0.05 0.15 9673 snap09673.h5
#snapshot: 13.5 0 8 22.5 0.05 28.1 0.15 0.05 0.15 9690 snap09690.h5
#snapshot: 13.5 0 8 22.5 0.05 28.1 0.15 0.05 0.15 9707 snap09707.h5
#snapshot: 13.5 0 8 22.5 0.05 28.1 0.15 0.05 0.15 9724 snap09724.h5
#snapshot: 13.5 0 8 22.5 0.05 28.1 0.15 0.05 0.15 9741 snap09741.h5
#snapshot: 13.5 0 8 22.5 0.05 28.1 0.15 0.05 0.15 9758 snap09758.h5
#snapshot: 13.5 0 8 22.5 0.05 28.1 0.15 0.05 0.15 9775 snap09775.h5
#snapshot: 13.5 0 8 22.5 0.05 28.1 0.15 0.05 0.15 9792 snap09792.h5
#snapshot: 13.5 0 8 22.5 0.05 28.1 0.15 0.05 0.15 9809 snap09809.h5
#snapshot: 13.5 0 8 22.5 0.05 28.1 0.15 0.05 0.15 9826 snap09826.h5
#snapshot: 13.5 0 8 22.5 0.05 28.1 0.15 0.05 0.15 9843 snap09843.h5
#snapshot: 13.5 0 8 22.5 0.05 28.1 0.15 0.05 0.15 9860 snap09860.h5
#snapshot: 13.5 0 8 22.5 0.05 28.1 0.15 0.05 0.15 9877 snap09877.h5
#snapshot: 13.5 0 8 22.5 0.05 28.1 0.15 0.05 0.15 9894 snap09894.h5
#snapshot: 13.5 0 8 22.5 0.05 28.1 0.15 0.05 0.15 9911 snap09911.h5
#snapshot: 13.5 0 8 22.5 0.05 28.1 0.15 0.05 0.15 9928 snap09928.h5
#snapshot: 13.5 0 8 22.5 0.05 28.1 0.15 0.05 0.15 9945 snap09945.h5
#snapshot: 13.5 0 8 22.5 0.05 28.1 0.15 0.05 0.15 9962 snap09962.h5
#snapshot: 13.5 0 8 22.5 0.05 28.1 0.15 0.05 0.15 9979 snap09979.h5
#snapshot: 13.5 0 8 22.5 0.05 28.1 0.15 0.05 0.15 9996 snap09996.h5
#snapshot: 13.5 0 8 22.5 0.05 28.1 0.15 0.05 0.15 10013 snap10013.h5
#snapshot: 13.5 0 8 22.5 0.05 28.1 0.15 0.05 0.15 10030 snap10030.h5
#snapshot: 13.5 0 8 22.5 0.05 28.1 0.15 0.05 0.15 10047 snap10047.h5
#snapshot: 13.5 0 8 22.5 0.05 28.1 0.15 0.05 0.15 10064 snap10064.h5
#snapshot: 13.5 0 8 22.5 0.05 28.1 0.15 0.05 0.15 10081 snap10081.h5
#snapshot: 13.5 0 8 22.5 0.05 28.1 0.15 0.05 0.15 10098 snap10098.h5
#snapshot: 13.5 0 8 22.5 0.05 28.1 0.15 0.05 0.15 10115 snap10115.h5
#snapshot: 13.5 0 8 22.5 0.05 28.1 0.15 0.05 0.15 10132 snap10132.h5
#snapshot: 13.5 0 8 22.5 0.05 28.1 0.15 0.05 0.15 10149 snap10149.h5
#snapshot: 13.5 0 8 22.5 0.05 28.1 0.15 0.05 0.15 10166 snap10166.h5
