#title: 2D gentle-slope B-scan v0.1; slope_fullcover; tx=15.5; terrain-follow 8m AGL
#domain: 36 0.05 31.5
#dx_dy_dz: 0.025 0.05 0.025
#time_window: 200e-9
#omp_threads: 2
#pml_cells: 80 0 40 80 0 40
#pml_formulation: HORIPML
#waveform: ricker 40 100e6 pulse
#hertzian_dipole: y 15.5 0.025 28.925 pulse
#rx: 16.8 0.025 28.925 r1 Ey
#material: 9 0.001 1 0 rock
#material: 11 0.001 1 0 cover
#add_dispersion_debye: 1 0.5 6.4567e-09 cover
#box: 0 0 0 12.075 0.05 21.5 cover
#box: 12.075 0 0 12.225 0.05 21.475 cover
#box: 12.225 0 0 12.375 0.05 21.45 cover
#box: 12.375 0 0 12.525 0.05 21.425 cover
#box: 12.525 0 0 12.675 0.05 21.4 cover
#box: 12.675 0 0 12.825 0.05 21.375 cover
#box: 12.825 0 0 12.975 0.05 21.35 cover
#box: 12.975 0 0 13.125 0.05 21.325 cover
#box: 13.125 0 0 13.275 0.05 21.3 cover
#box: 13.275 0 0 13.425 0.05 21.275 cover
#box: 13.425 0 0 13.575 0.05 21.25 cover
#box: 13.575 0 0 13.725 0.05 21.225 cover
#box: 13.725 0 0 13.875 0.05 21.2 cover
#box: 13.875 0 0 14.025 0.05 21.175 cover
#box: 14.025 0 0 14.175 0.05 21.15 cover
#box: 14.175 0 0 14.325 0.05 21.125 cover
#box: 14.325 0 0 14.475 0.05 21.1 cover
#box: 14.475 0 0 14.625 0.05 21.075 cover
#box: 14.625 0 0 14.775 0.05 21.05 cover
#box: 14.775 0 0 14.925 0.05 21.025 cover
#box: 14.925 0 0 15.075 0.05 21 cover
#box: 15.075 0 0 15.225 0.05 20.975 cover
#box: 15.225 0 0 15.375 0.05 20.95 cover
#box: 15.375 0 0 15.525 0.05 20.925 cover
#box: 15.525 0 0 15.675 0.05 20.9 cover
#box: 15.675 0 0 15.825 0.05 20.875 cover
#box: 15.825 0 0 15.975 0.05 20.85 cover
#box: 15.975 0 0 16.125 0.05 20.825 cover
#box: 16.125 0 0 16.275 0.05 20.8 cover
#box: 16.275 0 0 16.425 0.05 20.775 cover
#box: 16.425 0 0 16.575 0.05 20.75 cover
#box: 16.575 0 0 16.725 0.05 20.725 cover
#box: 16.725 0 0 16.875 0.05 20.7 cover
#box: 16.875 0 0 17.025 0.05 20.675 cover
#box: 17.025 0 0 17.175 0.05 20.65 cover
#box: 17.175 0 0 17.325 0.05 20.625 cover
#box: 17.325 0 0 17.475 0.05 20.6 cover
#box: 17.475 0 0 17.625 0.05 20.575 cover
#box: 17.625 0 0 17.775 0.05 20.55 cover
#box: 17.775 0 0 17.925 0.05 20.525 cover
#box: 17.925 0 0 18.075 0.05 20.5 cover
#box: 18.075 0 0 18.225 0.05 20.475 cover
#box: 18.225 0 0 18.375 0.05 20.45 cover
#box: 18.375 0 0 18.525 0.05 20.425 cover
#box: 18.525 0 0 18.675 0.05 20.4 cover
#box: 18.675 0 0 18.825 0.05 20.375 cover
#box: 18.825 0 0 18.975 0.05 20.35 cover
#box: 18.975 0 0 19.125 0.05 20.325 cover
#box: 19.125 0 0 19.275 0.05 20.3 cover
#box: 19.275 0 0 19.425 0.05 20.275 cover
#box: 19.425 0 0 19.575 0.05 20.25 cover
#box: 19.575 0 0 19.725 0.05 20.225 cover
#box: 19.725 0 0 19.875 0.05 20.2 cover
#box: 19.875 0 0 20.025 0.05 20.175 cover
#box: 20.025 0 0 20.175 0.05 20.15 cover
#box: 20.175 0 0 20.325 0.05 20.125 cover
#box: 20.325 0 0 20.475 0.05 20.1 cover
#box: 20.475 0 0 20.625 0.05 20.075 cover
#box: 20.625 0 0 20.775 0.05 20.05 cover
#box: 20.775 0 0 20.925 0.05 20.025 cover
#box: 20.925 0 0 21.075 0.05 20 cover
#box: 21.075 0 0 21.225 0.05 19.975 cover
#box: 21.225 0 0 21.375 0.05 19.95 cover
#box: 21.375 0 0 21.525 0.05 19.925 cover
#box: 21.525 0 0 21.675 0.05 19.9 cover
#box: 21.675 0 0 21.825 0.05 19.875 cover
#box: 21.825 0 0 21.975 0.05 19.85 cover
#box: 21.975 0 0 22.125 0.05 19.825 cover
#box: 22.125 0 0 22.275 0.05 19.8 cover
#box: 22.275 0 0 22.425 0.05 19.775 cover
#box: 22.425 0 0 22.575 0.05 19.75 cover
#box: 22.575 0 0 22.725 0.05 19.725 cover
#box: 22.725 0 0 22.875 0.05 19.7 cover
#box: 22.875 0 0 23.025 0.05 19.675 cover
#box: 23.025 0 0 23.175 0.05 19.65 cover
#box: 23.175 0 0 23.325 0.05 19.625 cover
#box: 23.325 0 0 23.475 0.05 19.6 cover
#box: 23.475 0 0 23.625 0.05 19.575 cover
#box: 23.625 0 0 23.775 0.05 19.55 cover
#box: 23.775 0 0 23.925 0.05 19.525 cover
#box: 23.925 0 0 36 0.05 19.5 cover
