#title: 2D gentle-slope B-scan v0.1; slope_rough; tx=18; terrain-follow 8m AGL
#domain: 36 0.05 31.5
#dx_dy_dz: 0.025 0.05 0.025
#time_window: 200e-9
#omp_threads: 2
#pml_cells: 80 0 40 80 0 40
#pml_formulation: HORIPML
#waveform: ricker 40 100e6 pulse
#hertzian_dipole: y 18 0.025 28.5 pulse
#rx: 19.3 0.025 28.5 r1 Ey
#material: 9 0.001 1 0 rock
#material: 11 0.001 1 0 cover
#add_dispersion_debye: 1 0.5 6.4567e-09 cover
#box: 0 0 0 12.075 0.05 19.275 rock
#box: 0 0 19.275 12.075 0.05 21.5 cover
#box: 12.075 0 0 12.225 0.05 19.275 rock
#box: 12.075 0 19.275 12.225 0.05 21.475 cover
#box: 12.225 0 0 12.25 0.05 19.275 rock
#box: 12.225 0 19.275 12.25 0.05 21.45 cover
#box: 12.25 0 0 12.375 0.05 19.25 rock
#box: 12.25 0 19.25 12.375 0.05 21.45 cover
#box: 12.375 0 0 12.525 0.05 19.25 rock
#box: 12.375 0 19.25 12.525 0.05 21.425 cover
#box: 12.525 0 0 12.55 0.05 19.25 rock
#box: 12.525 0 19.25 12.55 0.05 21.4 cover
#box: 12.55 0 0 12.675 0.05 19.225 rock
#box: 12.55 0 19.225 12.675 0.05 21.4 cover
#box: 12.675 0 0 12.825 0.05 19.225 rock
#box: 12.675 0 19.225 12.825 0.05 21.375 cover
#box: 12.825 0 0 12.85 0.05 19.225 rock
#box: 12.825 0 19.225 12.85 0.05 21.35 cover
#box: 12.85 0 0 12.975 0.05 19.2 rock
#box: 12.85 0 19.2 12.975 0.05 21.35 cover
#box: 12.975 0 0 13.125 0.05 19.2 rock
#box: 12.975 0 19.2 13.125 0.05 21.325 cover
#box: 13.125 0 0 13.15 0.05 19.2 rock
#box: 13.125 0 19.2 13.15 0.05 21.3 cover
#box: 13.15 0 0 13.25 0.05 19.175 rock
#box: 13.15 0 19.175 13.25 0.05 21.3 cover
#box: 13.25 0 0 13.275 0.05 19.075 rock
#box: 13.25 0 19.075 13.275 0.05 21.3 cover
#box: 13.275 0 0 13.425 0.05 19.075 rock
#box: 13.275 0 19.075 13.425 0.05 21.275 cover
#box: 13.425 0 0 13.45 0.05 19.075 rock
#box: 13.425 0 19.075 13.45 0.05 21.25 cover
#box: 13.45 0 0 13.575 0.05 19.05 rock
#box: 13.45 0 19.05 13.575 0.05 21.25 cover
#box: 13.575 0 0 13.725 0.05 19.05 rock
#box: 13.575 0 19.05 13.725 0.05 21.225 cover
#box: 13.725 0 0 13.75 0.05 19.05 rock
#box: 13.725 0 19.05 13.75 0.05 21.2 cover
#box: 13.75 0 0 13.875 0.05 18.925 rock
#box: 13.75 0 18.925 13.875 0.05 21.2 cover
#box: 13.875 0 0 14.025 0.05 18.925 rock
#box: 13.875 0 18.925 14.025 0.05 21.175 cover
#box: 14.025 0 0 14.05 0.05 18.925 rock
#box: 14.025 0 18.925 14.05 0.05 21.15 cover
#box: 14.05 0 0 14.175 0.05 18.9 rock
#box: 14.05 0 18.9 14.175 0.05 21.15 cover
#box: 14.175 0 0 14.325 0.05 18.9 rock
#box: 14.175 0 18.9 14.325 0.05 21.125 cover
#box: 14.325 0 0 14.35 0.05 18.9 rock
#box: 14.325 0 18.9 14.35 0.05 21.1 cover
#box: 14.35 0 0 14.475 0.05 18.875 rock
#box: 14.35 0 18.875 14.475 0.05 21.1 cover
#box: 14.475 0 0 14.625 0.05 18.875 rock
#box: 14.475 0 18.875 14.625 0.05 21.075 cover
#box: 14.625 0 0 14.65 0.05 18.875 rock
#box: 14.625 0 18.875 14.65 0.05 21.05 cover
#box: 14.65 0 0 14.75 0.05 18.85 rock
#box: 14.65 0 18.85 14.75 0.05 21.05 cover
#box: 14.75 0 0 14.775 0.05 18.95 rock
#box: 14.75 0 18.95 14.775 0.05 21.05 cover
#box: 14.775 0 0 14.925 0.05 18.95 rock
#box: 14.775 0 18.95 14.925 0.05 21.025 cover
#box: 14.925 0 0 14.95 0.05 18.95 rock
#box: 14.925 0 18.95 14.95 0.05 21 cover
#box: 14.95 0 0 15.075 0.05 18.925 rock
#box: 14.95 0 18.925 15.075 0.05 21 cover
#box: 15.075 0 0 15.225 0.05 18.925 rock
#box: 15.075 0 18.925 15.225 0.05 20.975 cover
#box: 15.225 0 0 15.25 0.05 18.925 rock
#box: 15.225 0 18.925 15.25 0.05 20.95 cover
#box: 15.25 0 0 15.375 0.05 19 rock
#box: 15.25 0 19 15.375 0.05 20.95 cover
#box: 15.375 0 0 15.5 0.05 19 rock
#box: 15.375 0 19 15.5 0.05 20.925 cover
#box: 15.5 0 0 15.525 0.05 19.1 rock
#box: 15.5 0 19.1 15.525 0.05 20.925 cover
#box: 15.525 0 0 15.55 0.05 19.1 rock
#box: 15.525 0 19.1 15.55 0.05 20.9 cover
#box: 15.55 0 0 15.675 0.05 19.075 rock
#box: 15.55 0 19.075 15.675 0.05 20.9 cover
#box: 15.675 0 0 15.75 0.05 19.075 rock
#box: 15.675 0 19.075 15.75 0.05 20.875 cover
#box: 15.75 0 0 15.825 0.05 19.175 rock
#box: 15.75 0 19.175 15.825 0.05 20.875 cover
#box: 15.825 0 0 15.85 0.05 19.175 rock
#box: 15.825 0 19.175 15.85 0.05 20.85 cover
#box: 15.85 0 0 15.975 0.05 19.15 rock
#box: 15.85 0 19.15 15.975 0.05 20.85 cover
#box: 15.975 0 0 16 0.05 19.15 rock
#box: 15.975 0 19.15 16 0.05 20.825 cover
#box: 16 0 0 16.125 0.05 19.25 rock
#box: 16 0 19.25 16.125 0.05 20.825 cover
#box: 16.125 0 0 16.15 0.05 19.25 rock
#box: 16.125 0 19.25 16.15 0.05 20.8 cover
#box: 16.15 0 0 16.25 0.05 19.225 rock
#box: 16.15 0 19.225 16.25 0.05 20.8 cover
#box: 16.25 0 0 16.275 0.05 19.325 rock
#box: 16.25 0 19.325 16.275 0.05 20.8 cover
#box: 16.275 0 0 16.425 0.05 19.325 rock
#box: 16.275 0 19.325 16.425 0.05 20.775 cover
#box: 16.425 0 0 16.45 0.05 19.325 rock
#box: 16.425 0 19.325 16.45 0.05 20.75 cover
#box: 16.45 0 0 16.5 0.05 19.3 rock
#box: 16.45 0 19.3 16.5 0.05 20.75 cover
#box: 16.5 0 0 16.575 0.05 19.4 rock
#box: 16.5 0 19.4 16.575 0.05 20.75 cover
#box: 16.575 0 0 16.725 0.05 19.4 rock
#box: 16.575 0 19.4 16.725 0.05 20.725 cover
#box: 16.725 0 0 16.75 0.05 19.4 rock
#box: 16.725 0 19.4 16.75 0.05 20.7 cover
#box: 16.75 0 0 16.875 0.05 19.375 rock
#box: 16.75 0 19.375 16.875 0.05 20.7 cover
#box: 16.875 0 0 17 0.05 19.375 rock
#box: 16.875 0 19.375 17 0.05 20.675 cover
#box: 17 0 0 17.025 0.05 19.475 rock
#box: 17 0 19.475 17.025 0.05 20.675 cover
#box: 17.025 0 0 17.05 0.05 19.475 rock
#box: 17.025 0 19.475 17.05 0.05 20.65 cover
#box: 17.05 0 0 17.175 0.05 19.45 rock
#box: 17.05 0 19.45 17.175 0.05 20.65 cover
#box: 17.175 0 0 17.325 0.05 19.45 rock
#box: 17.175 0 19.45 17.325 0.05 20.625 cover
#box: 17.325 0 0 17.35 0.05 19.45 rock
#box: 17.325 0 19.45 17.35 0.05 20.6 cover
#box: 17.35 0 0 17.475 0.05 19.425 rock
#box: 17.35 0 19.425 17.475 0.05 20.6 cover
#box: 17.475 0 0 17.625 0.05 19.425 rock
#box: 17.475 0 19.425 17.625 0.05 20.575 cover
#box: 17.625 0 0 17.65 0.05 19.425 rock
#box: 17.625 0 19.425 17.65 0.05 20.55 cover
#box: 17.65 0 0 17.775 0.05 19.4 rock
#box: 17.65 0 19.4 17.775 0.05 20.55 cover
#box: 17.775 0 0 17.925 0.05 19.4 rock
#box: 17.775 0 19.4 17.925 0.05 20.525 cover
#box: 17.925 0 0 17.95 0.05 19.4 rock
#box: 17.925 0 19.4 17.95 0.05 20.5 cover
#box: 17.95 0 0 18.075 0.05 19.375 rock
#box: 17.95 0 19.375 18.075 0.05 20.5 cover
#box: 18.075 0 0 18.225 0.05 19.375 rock
#box: 18.075 0 19.375 18.225 0.05 20.475 cover
#box: 18.225 0 0 18.25 0.05 19.375 rock
#box: 18.225 0 19.375 18.25 0.05 20.45 cover
#box: 18.25 0 0 18.375 0.05 19.35 rock
#box: 18.25 0 19.35 18.375 0.05 20.45 cover
#box: 18.375 0 0 18.5 0.05 19.35 rock
#box: 18.375 0 19.35 18.5 0.05 20.425 cover
#box: 18.5 0 0 18.525 0.05 19.25 rock
#box: 18.5 0 19.25 18.525 0.05 20.425 cover
#box: 18.525 0 0 18.55 0.05 19.25 rock
#box: 18.525 0 19.25 18.55 0.05 20.4 cover
#box: 18.55 0 0 18.675 0.05 19.225 rock
#box: 18.55 0 19.225 18.675 0.05 20.4 cover
#box: 18.675 0 0 18.825 0.05 19.225 rock
#box: 18.675 0 19.225 18.825 0.05 20.375 cover
#box: 18.825 0 0 18.85 0.05 19.225 rock
#box: 18.825 0 19.225 18.85 0.05 20.35 cover
#box: 18.85 0 0 18.975 0.05 19.2 rock
#box: 18.85 0 19.2 18.975 0.05 20.35 cover
#box: 18.975 0 0 19 0.05 19.2 rock
#box: 18.975 0 19.2 19 0.05 20.325 cover
#box: 19 0 0 19.125 0.05 19.1 rock
#box: 19 0 19.1 19.125 0.05 20.325 cover
#box: 19.125 0 0 19.15 0.05 19.1 rock
#box: 19.125 0 19.1 19.15 0.05 20.3 cover
#box: 19.15 0 0 19.275 0.05 19.075 rock
#box: 19.15 0 19.075 19.275 0.05 20.3 cover
#box: 19.275 0 0 19.425 0.05 19.075 rock
#box: 19.275 0 19.075 19.425 0.05 20.275 cover
#box: 19.425 0 0 19.45 0.05 19.075 rock
#box: 19.425 0 19.075 19.45 0.05 20.25 cover
#box: 19.45 0 0 19.5 0.05 19.05 rock
#box: 19.45 0 19.05 19.5 0.05 20.25 cover
#box: 19.5 0 0 19.575 0.05 18.95 rock
#box: 19.5 0 18.95 19.575 0.05 20.25 cover
#box: 19.575 0 0 19.725 0.05 18.95 rock
#box: 19.575 0 18.95 19.725 0.05 20.225 cover
#box: 19.725 0 0 19.75 0.05 18.95 rock
#box: 19.725 0 18.95 19.75 0.05 20.2 cover
#box: 19.75 0 0 19.875 0.05 18.825 rock
#box: 19.75 0 18.825 19.875 0.05 20.2 cover
#box: 19.875 0 0 20.025 0.05 18.825 rock
#box: 19.875 0 18.825 20.025 0.05 20.175 cover
#box: 20.025 0 0 20.05 0.05 18.825 rock
#box: 20.025 0 18.825 20.05 0.05 20.15 cover
#box: 20.05 0 0 20.175 0.05 18.8 rock
#box: 20.05 0 18.8 20.175 0.05 20.15 cover
#box: 20.175 0 0 20.25 0.05 18.8 rock
#box: 20.175 0 18.8 20.25 0.05 20.125 cover
#box: 20.25 0 0 20.325 0.05 18.7 rock
#box: 20.25 0 18.7 20.325 0.05 20.125 cover
#box: 20.325 0 0 20.35 0.05 18.7 rock
#box: 20.325 0 18.7 20.35 0.05 20.1 cover
#box: 20.35 0 0 20.475 0.05 18.675 rock
#box: 20.35 0 18.675 20.475 0.05 20.1 cover
#box: 20.475 0 0 20.625 0.05 18.675 rock
#box: 20.475 0 18.675 20.625 0.05 20.075 cover
#box: 20.625 0 0 20.65 0.05 18.675 rock
#box: 20.625 0 18.675 20.65 0.05 20.05 cover
#box: 20.65 0 0 20.775 0.05 18.65 rock
#box: 20.65 0 18.65 20.775 0.05 20.05 cover
#box: 20.775 0 0 20.925 0.05 18.65 rock
#box: 20.775 0 18.65 20.925 0.05 20.025 cover
#box: 20.925 0 0 20.95 0.05 18.65 rock
#box: 20.925 0 18.65 20.95 0.05 20 cover
#box: 20.95 0 0 21.075 0.05 18.625 rock
#box: 20.95 0 18.625 21.075 0.05 20 cover
#box: 21.075 0 0 21.225 0.05 18.625 rock
#box: 21.075 0 18.625 21.225 0.05 19.975 cover
#box: 21.225 0 0 21.25 0.05 18.625 rock
#box: 21.225 0 18.625 21.25 0.05 19.95 cover
#box: 21.25 0 0 21.375 0.05 18.6 rock
#box: 21.25 0 18.6 21.375 0.05 19.95 cover
#box: 21.375 0 0 21.525 0.05 18.6 rock
#box: 21.375 0 18.6 21.525 0.05 19.925 cover
#box: 21.525 0 0 21.55 0.05 18.6 rock
#box: 21.525 0 18.6 21.55 0.05 19.9 cover
#box: 21.55 0 0 21.675 0.05 18.575 rock
#box: 21.55 0 18.575 21.675 0.05 19.9 cover
#box: 21.675 0 0 21.825 0.05 18.575 rock
#box: 21.675 0 18.575 21.825 0.05 19.875 cover
#box: 21.825 0 0 21.85 0.05 18.575 rock
#box: 21.825 0 18.575 21.85 0.05 19.85 cover
#box: 21.85 0 0 21.975 0.05 18.55 rock
#box: 21.85 0 18.55 21.975 0.05 19.85 cover
#box: 21.975 0 0 22 0.05 18.55 rock
#box: 21.975 0 18.55 22 0.05 19.825 cover
#box: 22 0 0 22.125 0.05 18.65 rock
#box: 22 0 18.65 22.125 0.05 19.825 cover
#box: 22.125 0 0 22.15 0.05 18.65 rock
#box: 22.125 0 18.65 22.15 0.05 19.8 cover
#box: 22.15 0 0 22.25 0.05 18.625 rock
#box: 22.15 0 18.625 22.25 0.05 19.8 cover
#box: 22.25 0 0 22.275 0.05 18.725 rock
#box: 22.25 0 18.725 22.275 0.05 19.8 cover
#box: 22.275 0 0 22.425 0.05 18.725 rock
#box: 22.275 0 18.725 22.425 0.05 19.775 cover
#box: 22.425 0 0 22.45 0.05 18.725 rock
#box: 22.425 0 18.725 22.45 0.05 19.75 cover
#box: 22.45 0 0 22.575 0.05 18.7 rock
#box: 22.45 0 18.7 22.575 0.05 19.75 cover
#box: 22.575 0 0 22.725 0.05 18.7 rock
#box: 22.575 0 18.7 22.725 0.05 19.725 cover
#box: 22.725 0 0 22.75 0.05 18.7 rock
#box: 22.725 0 18.7 22.75 0.05 19.7 cover
#box: 22.75 0 0 22.875 0.05 18.775 rock
#box: 22.75 0 18.775 22.875 0.05 19.7 cover
#box: 22.875 0 0 23.025 0.05 18.775 rock
#box: 22.875 0 18.775 23.025 0.05 19.675 cover
#box: 23.025 0 0 23.05 0.05 18.775 rock
#box: 23.025 0 18.775 23.05 0.05 19.65 cover
#box: 23.05 0 0 23.175 0.05 18.75 rock
#box: 23.05 0 18.75 23.175 0.05 19.65 cover
#box: 23.175 0 0 23.325 0.05 18.75 rock
#box: 23.175 0 18.75 23.325 0.05 19.625 cover
#box: 23.325 0 0 23.35 0.05 18.75 rock
#box: 23.325 0 18.75 23.35 0.05 19.6 cover
#box: 23.35 0 0 23.475 0.05 18.725 rock
#box: 23.35 0 18.725 23.475 0.05 19.6 cover
#box: 23.475 0 0 23.625 0.05 18.725 rock
#box: 23.475 0 18.725 23.625 0.05 19.575 cover
#box: 23.625 0 0 23.65 0.05 18.725 rock
#box: 23.625 0 18.725 23.65 0.05 19.55 cover
#box: 23.65 0 0 23.775 0.05 18.7 rock
#box: 23.65 0 18.7 23.775 0.05 19.55 cover
#box: 23.775 0 0 23.925 0.05 18.7 rock
#box: 23.775 0 18.7 23.925 0.05 19.525 cover
#box: 23.925 0 0 23.95 0.05 18.7 rock
#box: 23.925 0 18.7 23.95 0.05 19.5 cover
#box: 23.95 0 0 36 0.05 18.675 rock
#box: 23.95 0 18.675 36 0.05 19.5 cover
#snapshot: 8 0 14 28.1 0.05 31.4 0.15 0.05 0.15 0 snap0000.h5
#snapshot: 8 0 14 28.1 0.05 31.4 0.15 0.05 0.15 17 snap0001.h5
#snapshot: 8 0 14 28.1 0.05 31.4 0.15 0.05 0.15 34 snap0002.h5
#snapshot: 8 0 14 28.1 0.05 31.4 0.15 0.05 0.15 51 snap0003.h5
#snapshot: 8 0 14 28.1 0.05 31.4 0.15 0.05 0.15 68 snap0004.h5
#snapshot: 8 0 14 28.1 0.05 31.4 0.15 0.05 0.15 85 snap0005.h5
#snapshot: 8 0 14 28.1 0.05 31.4 0.15 0.05 0.15 102 snap0006.h5
#snapshot: 8 0 14 28.1 0.05 31.4 0.15 0.05 0.15 119 snap0007.h5
#snapshot: 8 0 14 28.1 0.05 31.4 0.15 0.05 0.15 136 snap0008.h5
#snapshot: 8 0 14 28.1 0.05 31.4 0.15 0.05 0.15 153 snap0009.h5
#snapshot: 8 0 14 28.1 0.05 31.4 0.15 0.05 0.15 170 snap0010.h5
#snapshot: 8 0 14 28.1 0.05 31.4 0.15 0.05 0.15 187 snap0011.h5
#snapshot: 8 0 14 28.1 0.05 31.4 0.15 0.05 0.15 204 snap0012.h5
#snapshot: 8 0 14 28.1 0.05 31.4 0.15 0.05 0.15 221 snap0013.h5
#snapshot: 8 0 14 28.1 0.05 31.4 0.15 0.05 0.15 238 snap0014.h5
#snapshot: 8 0 14 28.1 0.05 31.4 0.15 0.05 0.15 255 snap0015.h5
#snapshot: 8 0 14 28.1 0.05 31.4 0.15 0.05 0.15 272 snap0016.h5
#snapshot: 8 0 14 28.1 0.05 31.4 0.15 0.05 0.15 289 snap0017.h5
#snapshot: 8 0 14 28.1 0.05 31.4 0.15 0.05 0.15 306 snap0018.h5
#snapshot: 8 0 14 28.1 0.05 31.4 0.15 0.05 0.15 323 snap0019.h5
#snapshot: 8 0 14 28.1 0.05 31.4 0.15 0.05 0.15 340 snap0020.h5
#snapshot: 8 0 14 28.1 0.05 31.4 0.15 0.05 0.15 357 snap0021.h5
#snapshot: 8 0 14 28.1 0.05 31.4 0.15 0.05 0.15 374 snap0022.h5
#snapshot: 8 0 14 28.1 0.05 31.4 0.15 0.05 0.15 391 snap0023.h5
#snapshot: 8 0 14 28.1 0.05 31.4 0.15 0.05 0.15 408 snap0024.h5
#snapshot: 8 0 14 28.1 0.05 31.4 0.15 0.05 0.15 425 snap0025.h5
#snapshot: 8 0 14 28.1 0.05 31.4 0.15 0.05 0.15 442 snap0026.h5
#snapshot: 8 0 14 28.1 0.05 31.4 0.15 0.05 0.15 459 snap0027.h5
#snapshot: 8 0 14 28.1 0.05 31.4 0.15 0.05 0.15 476 snap0028.h5
#snapshot: 8 0 14 28.1 0.05 31.4 0.15 0.05 0.15 493 snap0029.h5
#snapshot: 8 0 14 28.1 0.05 31.4 0.15 0.05 0.15 510 snap0030.h5
#snapshot: 8 0 14 28.1 0.05 31.4 0.15 0.05 0.15 527 snap0031.h5
#snapshot: 8 0 14 28.1 0.05 31.4 0.15 0.05 0.15 544 snap0032.h5
#snapshot: 8 0 14 28.1 0.05 31.4 0.15 0.05 0.15 561 snap0033.h5
#snapshot: 8 0 14 28.1 0.05 31.4 0.15 0.05 0.15 578 snap0034.h5
#snapshot: 8 0 14 28.1 0.05 31.4 0.15 0.05 0.15 595 snap0035.h5
#snapshot: 8 0 14 28.1 0.05 31.4 0.15 0.05 0.15 612 snap0036.h5
#snapshot: 8 0 14 28.1 0.05 31.4 0.15 0.05 0.15 629 snap0037.h5
#snapshot: 8 0 14 28.1 0.05 31.4 0.15 0.05 0.15 646 snap0038.h5
#snapshot: 8 0 14 28.1 0.05 31.4 0.15 0.05 0.15 663 snap0039.h5
#snapshot: 8 0 14 28.1 0.05 31.4 0.15 0.05 0.15 680 snap0040.h5
#snapshot: 8 0 14 28.1 0.05 31.4 0.15 0.05 0.15 697 snap0041.h5
#snapshot: 8 0 14 28.1 0.05 31.4 0.15 0.05 0.15 714 snap0042.h5
#snapshot: 8 0 14 28.1 0.05 31.4 0.15 0.05 0.15 731 snap0043.h5
#snapshot: 8 0 14 28.1 0.05 31.4 0.15 0.05 0.15 748 snap0044.h5
#snapshot: 8 0 14 28.1 0.05 31.4 0.15 0.05 0.15 765 snap0045.h5
#snapshot: 8 0 14 28.1 0.05 31.4 0.15 0.05 0.15 782 snap0046.h5
#snapshot: 8 0 14 28.1 0.05 31.4 0.15 0.05 0.15 799 snap0047.h5
#snapshot: 8 0 14 28.1 0.05 31.4 0.15 0.05 0.15 816 snap0048.h5
#snapshot: 8 0 14 28.1 0.05 31.4 0.15 0.05 0.15 833 snap0049.h5
#snapshot: 8 0 14 28.1 0.05 31.4 0.15 0.05 0.15 850 snap0050.h5
#snapshot: 8 0 14 28.1 0.05 31.4 0.15 0.05 0.15 867 snap0051.h5
#snapshot: 8 0 14 28.1 0.05 31.4 0.15 0.05 0.15 884 snap0052.h5
#snapshot: 8 0 14 28.1 0.05 31.4 0.15 0.05 0.15 901 snap0053.h5
#snapshot: 8 0 14 28.1 0.05 31.4 0.15 0.05 0.15 918 snap0054.h5
#snapshot: 8 0 14 28.1 0.05 31.4 0.15 0.05 0.15 935 snap0055.h5
#snapshot: 8 0 14 28.1 0.05 31.4 0.15 0.05 0.15 952 snap0056.h5
#snapshot: 8 0 14 28.1 0.05 31.4 0.15 0.05 0.15 969 snap0057.h5
#snapshot: 8 0 14 28.1 0.05 31.4 0.15 0.05 0.15 986 snap0058.h5
#snapshot: 8 0 14 28.1 0.05 31.4 0.15 0.05 0.15 1003 snap0059.h5
#snapshot: 8 0 14 28.1 0.05 31.4 0.15 0.05 0.15 1020 snap0060.h5
#snapshot: 8 0 14 28.1 0.05 31.4 0.15 0.05 0.15 1037 snap0061.h5
#snapshot: 8 0 14 28.1 0.05 31.4 0.15 0.05 0.15 1054 snap0062.h5
#snapshot: 8 0 14 28.1 0.05 31.4 0.15 0.05 0.15 1071 snap0063.h5
#snapshot: 8 0 14 28.1 0.05 31.4 0.15 0.05 0.15 1088 snap0064.h5
#snapshot: 8 0 14 28.1 0.05 31.4 0.15 0.05 0.15 1105 snap0065.h5
#snapshot: 8 0 14 28.1 0.05 31.4 0.15 0.05 0.15 1122 snap0066.h5
#snapshot: 8 0 14 28.1 0.05 31.4 0.15 0.05 0.15 1139 snap0067.h5
#snapshot: 8 0 14 28.1 0.05 31.4 0.15 0.05 0.15 1156 snap0068.h5
#snapshot: 8 0 14 28.1 0.05 31.4 0.15 0.05 0.15 1173 snap0069.h5
#snapshot: 8 0 14 28.1 0.05 31.4 0.15 0.05 0.15 1190 snap0070.h5
#snapshot: 8 0 14 28.1 0.05 31.4 0.15 0.05 0.15 1207 snap0071.h5
#snapshot: 8 0 14 28.1 0.05 31.4 0.15 0.05 0.15 1224 snap0072.h5
#snapshot: 8 0 14 28.1 0.05 31.4 0.15 0.05 0.15 1241 snap0073.h5
#snapshot: 8 0 14 28.1 0.05 31.4 0.15 0.05 0.15 1258 snap0074.h5
#snapshot: 8 0 14 28.1 0.05 31.4 0.15 0.05 0.15 1275 snap0075.h5
#snapshot: 8 0 14 28.1 0.05 31.4 0.15 0.05 0.15 1292 snap0076.h5
#snapshot: 8 0 14 28.1 0.05 31.4 0.15 0.05 0.15 1309 snap0077.h5
#snapshot: 8 0 14 28.1 0.05 31.4 0.15 0.05 0.15 1326 snap0078.h5
#snapshot: 8 0 14 28.1 0.05 31.4 0.15 0.05 0.15 1343 snap0079.h5
#snapshot: 8 0 14 28.1 0.05 31.4 0.15 0.05 0.15 1360 snap0080.h5
#snapshot: 8 0 14 28.1 0.05 31.4 0.15 0.05 0.15 1377 snap0081.h5
#snapshot: 8 0 14 28.1 0.05 31.4 0.15 0.05 0.15 1394 snap0082.h5
#snapshot: 8 0 14 28.1 0.05 31.4 0.15 0.05 0.15 1411 snap0083.h5
#snapshot: 8 0 14 28.1 0.05 31.4 0.15 0.05 0.15 1428 snap0084.h5
#snapshot: 8 0 14 28.1 0.05 31.4 0.15 0.05 0.15 1445 snap0085.h5
#snapshot: 8 0 14 28.1 0.05 31.4 0.15 0.05 0.15 1462 snap0086.h5
#snapshot: 8 0 14 28.1 0.05 31.4 0.15 0.05 0.15 1479 snap0087.h5
#snapshot: 8 0 14 28.1 0.05 31.4 0.15 0.05 0.15 1496 snap0088.h5
#snapshot: 8 0 14 28.1 0.05 31.4 0.15 0.05 0.15 1513 snap0089.h5
#snapshot: 8 0 14 28.1 0.05 31.4 0.15 0.05 0.15 1530 snap0090.h5
#snapshot: 8 0 14 28.1 0.05 31.4 0.15 0.05 0.15 1547 snap0091.h5
#snapshot: 8 0 14 28.1 0.05 31.4 0.15 0.05 0.15 1564 snap0092.h5
#snapshot: 8 0 14 28.1 0.05 31.4 0.15 0.05 0.15 1581 snap0093.h5
#snapshot: 8 0 14 28.1 0.05 31.4 0.15 0.05 0.15 1598 snap0094.h5
#snapshot: 8 0 14 28.1 0.05 31.4 0.15 0.05 0.15 1615 snap0095.h5
#snapshot: 8 0 14 28.1 0.05 31.4 0.15 0.05 0.15 1632 snap0096.h5
#snapshot: 8 0 14 28.1 0.05 31.4 0.15 0.05 0.15 1649 snap0097.h5
#snapshot: 8 0 14 28.1 0.05 31.4 0.15 0.05 0.15 1666 snap0098.h5
#snapshot: 8 0 14 28.1 0.05 31.4 0.15 0.05 0.15 1683 snap0099.h5
#snapshot: 8 0 14 28.1 0.05 31.4 0.15 0.05 0.15 1700 snap0100.h5
#snapshot: 8 0 14 28.1 0.05 31.4 0.15 0.05 0.15 1717 snap0101.h5
#snapshot: 8 0 14 28.1 0.05 31.4 0.15 0.05 0.15 1734 snap0102.h5
#snapshot: 8 0 14 28.1 0.05 31.4 0.15 0.05 0.15 1751 snap0103.h5
#snapshot: 8 0 14 28.1 0.05 31.4 0.15 0.05 0.15 1768 snap0104.h5
#snapshot: 8 0 14 28.1 0.05 31.4 0.15 0.05 0.15 1785 snap0105.h5
#snapshot: 8 0 14 28.1 0.05 31.4 0.15 0.05 0.15 1802 snap0106.h5
#snapshot: 8 0 14 28.1 0.05 31.4 0.15 0.05 0.15 1819 snap0107.h5
#snapshot: 8 0 14 28.1 0.05 31.4 0.15 0.05 0.15 1836 snap0108.h5
#snapshot: 8 0 14 28.1 0.05 31.4 0.15 0.05 0.15 1853 snap0109.h5
#snapshot: 8 0 14 28.1 0.05 31.4 0.15 0.05 0.15 1870 snap0110.h5
#snapshot: 8 0 14 28.1 0.05 31.4 0.15 0.05 0.15 1887 snap0111.h5
#snapshot: 8 0 14 28.1 0.05 31.4 0.15 0.05 0.15 1904 snap0112.h5
#snapshot: 8 0 14 28.1 0.05 31.4 0.15 0.05 0.15 1921 snap0113.h5
#snapshot: 8 0 14 28.1 0.05 31.4 0.15 0.05 0.15 1938 snap0114.h5
#snapshot: 8 0 14 28.1 0.05 31.4 0.15 0.05 0.15 1955 snap0115.h5
#snapshot: 8 0 14 28.1 0.05 31.4 0.15 0.05 0.15 1972 snap0116.h5
#snapshot: 8 0 14 28.1 0.05 31.4 0.15 0.05 0.15 1989 snap0117.h5
#snapshot: 8 0 14 28.1 0.05 31.4 0.15 0.05 0.15 2006 snap0118.h5
#snapshot: 8 0 14 28.1 0.05 31.4 0.15 0.05 0.15 2023 snap0119.h5
#snapshot: 8 0 14 28.1 0.05 31.4 0.15 0.05 0.15 2040 snap0120.h5
#snapshot: 8 0 14 28.1 0.05 31.4 0.15 0.05 0.15 2057 snap0121.h5
#snapshot: 8 0 14 28.1 0.05 31.4 0.15 0.05 0.15 2074 snap0122.h5
#snapshot: 8 0 14 28.1 0.05 31.4 0.15 0.05 0.15 2091 snap0123.h5
#snapshot: 8 0 14 28.1 0.05 31.4 0.15 0.05 0.15 2108 snap0124.h5
#snapshot: 8 0 14 28.1 0.05 31.4 0.15 0.05 0.15 2125 snap0125.h5
#snapshot: 8 0 14 28.1 0.05 31.4 0.15 0.05 0.15 2142 snap0126.h5
#snapshot: 8 0 14 28.1 0.05 31.4 0.15 0.05 0.15 2159 snap0127.h5
#snapshot: 8 0 14 28.1 0.05 31.4 0.15 0.05 0.15 2176 snap0128.h5
#snapshot: 8 0 14 28.1 0.05 31.4 0.15 0.05 0.15 2193 snap0129.h5
#snapshot: 8 0 14 28.1 0.05 31.4 0.15 0.05 0.15 2210 snap0130.h5
#snapshot: 8 0 14 28.1 0.05 31.4 0.15 0.05 0.15 2227 snap0131.h5
#snapshot: 8 0 14 28.1 0.05 31.4 0.15 0.05 0.15 2244 snap0132.h5
#snapshot: 8 0 14 28.1 0.05 31.4 0.15 0.05 0.15 2261 snap0133.h5
#snapshot: 8 0 14 28.1 0.05 31.4 0.15 0.05 0.15 2278 snap0134.h5
#snapshot: 8 0 14 28.1 0.05 31.4 0.15 0.05 0.15 2295 snap0135.h5
#snapshot: 8 0 14 28.1 0.05 31.4 0.15 0.05 0.15 2312 snap0136.h5
#snapshot: 8 0 14 28.1 0.05 31.4 0.15 0.05 0.15 2329 snap0137.h5
#snapshot: 8 0 14 28.1 0.05 31.4 0.15 0.05 0.15 2346 snap0138.h5
#snapshot: 8 0 14 28.1 0.05 31.4 0.15 0.05 0.15 2363 snap0139.h5
#snapshot: 8 0 14 28.1 0.05 31.4 0.15 0.05 0.15 2380 snap0140.h5
#snapshot: 8 0 14 28.1 0.05 31.4 0.15 0.05 0.15 2397 snap0141.h5
#snapshot: 8 0 14 28.1 0.05 31.4 0.15 0.05 0.15 2414 snap0142.h5
#snapshot: 8 0 14 28.1 0.05 31.4 0.15 0.05 0.15 2431 snap0143.h5
#snapshot: 8 0 14 28.1 0.05 31.4 0.15 0.05 0.15 2448 snap0144.h5
#snapshot: 8 0 14 28.1 0.05 31.4 0.15 0.05 0.15 2465 snap0145.h5
#snapshot: 8 0 14 28.1 0.05 31.4 0.15 0.05 0.15 2482 snap0146.h5
#snapshot: 8 0 14 28.1 0.05 31.4 0.15 0.05 0.15 2499 snap0147.h5
#snapshot: 8 0 14 28.1 0.05 31.4 0.15 0.05 0.15 2516 snap0148.h5
#snapshot: 8 0 14 28.1 0.05 31.4 0.15 0.05 0.15 2533 snap0149.h5
#snapshot: 8 0 14 28.1 0.05 31.4 0.15 0.05 0.15 2550 snap0150.h5
#snapshot: 8 0 14 28.1 0.05 31.4 0.15 0.05 0.15 2567 snap0151.h5
#snapshot: 8 0 14 28.1 0.05 31.4 0.15 0.05 0.15 2584 snap0152.h5
#snapshot: 8 0 14 28.1 0.05 31.4 0.15 0.05 0.15 2601 snap0153.h5
#snapshot: 8 0 14 28.1 0.05 31.4 0.15 0.05 0.15 2618 snap0154.h5
#snapshot: 8 0 14 28.1 0.05 31.4 0.15 0.05 0.15 2635 snap0155.h5
#snapshot: 8 0 14 28.1 0.05 31.4 0.15 0.05 0.15 2652 snap0156.h5
#snapshot: 8 0 14 28.1 0.05 31.4 0.15 0.05 0.15 2669 snap0157.h5
#snapshot: 8 0 14 28.1 0.05 31.4 0.15 0.05 0.15 2686 snap0158.h5
#snapshot: 8 0 14 28.1 0.05 31.4 0.15 0.05 0.15 2703 snap0159.h5
#snapshot: 8 0 14 28.1 0.05 31.4 0.15 0.05 0.15 2720 snap0160.h5
#snapshot: 8 0 14 28.1 0.05 31.4 0.15 0.05 0.15 2737 snap0161.h5
#snapshot: 8 0 14 28.1 0.05 31.4 0.15 0.05 0.15 2754 snap0162.h5
#snapshot: 8 0 14 28.1 0.05 31.4 0.15 0.05 0.15 2771 snap0163.h5
#snapshot: 8 0 14 28.1 0.05 31.4 0.15 0.05 0.15 2788 snap0164.h5
#snapshot: 8 0 14 28.1 0.05 31.4 0.15 0.05 0.15 2805 snap0165.h5
#snapshot: 8 0 14 28.1 0.05 31.4 0.15 0.05 0.15 2822 snap0166.h5
#snapshot: 8 0 14 28.1 0.05 31.4 0.15 0.05 0.15 2839 snap0167.h5
#snapshot: 8 0 14 28.1 0.05 31.4 0.15 0.05 0.15 2856 snap0168.h5
#snapshot: 8 0 14 28.1 0.05 31.4 0.15 0.05 0.15 2873 snap0169.h5
#snapshot: 8 0 14 28.1 0.05 31.4 0.15 0.05 0.15 2890 snap0170.h5
#snapshot: 8 0 14 28.1 0.05 31.4 0.15 0.05 0.15 2907 snap0171.h5
#snapshot: 8 0 14 28.1 0.05 31.4 0.15 0.05 0.15 2924 snap0172.h5
#snapshot: 8 0 14 28.1 0.05 31.4 0.15 0.05 0.15 2941 snap0173.h5
#snapshot: 8 0 14 28.1 0.05 31.4 0.15 0.05 0.15 2958 snap0174.h5
#snapshot: 8 0 14 28.1 0.05 31.4 0.15 0.05 0.15 2975 snap0175.h5
#snapshot: 8 0 14 28.1 0.05 31.4 0.15 0.05 0.15 2992 snap0176.h5
#snapshot: 8 0 14 28.1 0.05 31.4 0.15 0.05 0.15 3009 snap0177.h5
#snapshot: 8 0 14 28.1 0.05 31.4 0.15 0.05 0.15 3026 snap0178.h5
#snapshot: 8 0 14 28.1 0.05 31.4 0.15 0.05 0.15 3043 snap0179.h5
#snapshot: 8 0 14 28.1 0.05 31.4 0.15 0.05 0.15 3060 snap0180.h5
#snapshot: 8 0 14 28.1 0.05 31.4 0.15 0.05 0.15 3077 snap0181.h5
#snapshot: 8 0 14 28.1 0.05 31.4 0.15 0.05 0.15 3094 snap0182.h5
#snapshot: 8 0 14 28.1 0.05 31.4 0.15 0.05 0.15 3111 snap0183.h5
#snapshot: 8 0 14 28.1 0.05 31.4 0.15 0.05 0.15 3128 snap0184.h5
#snapshot: 8 0 14 28.1 0.05 31.4 0.15 0.05 0.15 3145 snap0185.h5
#snapshot: 8 0 14 28.1 0.05 31.4 0.15 0.05 0.15 3162 snap0186.h5
#snapshot: 8 0 14 28.1 0.05 31.4 0.15 0.05 0.15 3179 snap0187.h5
#snapshot: 8 0 14 28.1 0.05 31.4 0.15 0.05 0.15 3196 snap0188.h5
#snapshot: 8 0 14 28.1 0.05 31.4 0.15 0.05 0.15 3213 snap0189.h5
#snapshot: 8 0 14 28.1 0.05 31.4 0.15 0.05 0.15 3230 snap0190.h5
#snapshot: 8 0 14 28.1 0.05 31.4 0.15 0.05 0.15 3247 snap0191.h5
#snapshot: 8 0 14 28.1 0.05 31.4 0.15 0.05 0.15 3264 snap0192.h5
#snapshot: 8 0 14 28.1 0.05 31.4 0.15 0.05 0.15 3281 snap0193.h5
#snapshot: 8 0 14 28.1 0.05 31.4 0.15 0.05 0.15 3298 snap0194.h5
#snapshot: 8 0 14 28.1 0.05 31.4 0.15 0.05 0.15 3315 snap0195.h5
#snapshot: 8 0 14 28.1 0.05 31.4 0.15 0.05 0.15 3332 snap0196.h5
#snapshot: 8 0 14 28.1 0.05 31.4 0.15 0.05 0.15 3349 snap0197.h5
#snapshot: 8 0 14 28.1 0.05 31.4 0.15 0.05 0.15 3366 snap0198.h5
#snapshot: 8 0 14 28.1 0.05 31.4 0.15 0.05 0.15 3383 snap0199.h5
