#title: 2D gentle-slope B-scan v0.1 fine grid; slope_fullcover; tx=20; terrain-follow 2m AGL
#domain: 36 0.05 31.5
#dx_dy_dz: 0.0125 0.05 0.0125
#time_window: 200e-9
#omp_threads: 2
#pml_cells: 160 0 80 160 0 80
#pml_formulation: HORIPML
#waveform: ricker 80 100e6 pulse
#hertzian_dipole: y 20 0.025 22.1625 pulse
#rx: 21.3 0.025 22.1625 r1 Ey
#material: 9 0.001 1 0 rock
#material: 11 0.001 1 0 cover
#add_dispersion_debye: 1 0.5 6.4567e-09 cover
#box: 0 0 0 12.0375 0.05 21.5 cover
#box: 12.0375 0 0 12.1125 0.05 21.4875 cover
#box: 12.1125 0 0 12.1875 0.05 21.475 cover
#box: 12.1875 0 0 12.2625 0.05 21.4625 cover
#box: 12.2625 0 0 12.3375 0.05 21.45 cover
#box: 12.3375 0 0 12.4125 0.05 21.4375 cover
#box: 12.4125 0 0 12.4875 0.05 21.425 cover
#box: 12.4875 0 0 12.5625 0.05 21.4125 cover
#box: 12.5625 0 0 12.6375 0.05 21.4 cover
#box: 12.6375 0 0 12.7125 0.05 21.3875 cover
#box: 12.7125 0 0 12.7875 0.05 21.375 cover
#box: 12.7875 0 0 12.8625 0.05 21.3625 cover
#box: 12.8625 0 0 12.9375 0.05 21.35 cover
#box: 12.9375 0 0 13.0125 0.05 21.3375 cover
#box: 13.0125 0 0 13.0875 0.05 21.325 cover
#box: 13.0875 0 0 13.1625 0.05 21.3125 cover
#box: 13.1625 0 0 13.2375 0.05 21.3 cover
#box: 13.2375 0 0 13.3125 0.05 21.2875 cover
#box: 13.3125 0 0 13.3875 0.05 21.275 cover
#box: 13.3875 0 0 13.4625 0.05 21.2625 cover
#box: 13.4625 0 0 13.5375 0.05 21.25 cover
#box: 13.5375 0 0 13.6125 0.05 21.2375 cover
#box: 13.6125 0 0 13.6875 0.05 21.225 cover
#box: 13.6875 0 0 13.7625 0.05 21.2125 cover
#box: 13.7625 0 0 13.8375 0.05 21.2 cover
#box: 13.8375 0 0 13.9125 0.05 21.1875 cover
#box: 13.9125 0 0 13.9875 0.05 21.175 cover
#box: 13.9875 0 0 14.0625 0.05 21.1625 cover
#box: 14.0625 0 0 14.1375 0.05 21.15 cover
#box: 14.1375 0 0 14.2125 0.05 21.1375 cover
#box: 14.2125 0 0 14.2875 0.05 21.125 cover
#box: 14.2875 0 0 14.3625 0.05 21.1125 cover
#box: 14.3625 0 0 14.4375 0.05 21.1 cover
#box: 14.4375 0 0 14.5125 0.05 21.0875 cover
#box: 14.5125 0 0 14.5875 0.05 21.075 cover
#box: 14.5875 0 0 14.6625 0.05 21.0625 cover
#box: 14.6625 0 0 14.7375 0.05 21.05 cover
#box: 14.7375 0 0 14.8125 0.05 21.0375 cover
#box: 14.8125 0 0 14.8875 0.05 21.025 cover
#box: 14.8875 0 0 14.9625 0.05 21.0125 cover
#box: 14.9625 0 0 15.0375 0.05 21 cover
#box: 15.0375 0 0 15.1125 0.05 20.9875 cover
#box: 15.1125 0 0 15.1875 0.05 20.975 cover
#box: 15.1875 0 0 15.2625 0.05 20.9625 cover
#box: 15.2625 0 0 15.3375 0.05 20.95 cover
#box: 15.3375 0 0 15.4125 0.05 20.9375 cover
#box: 15.4125 0 0 15.4875 0.05 20.925 cover
#box: 15.4875 0 0 15.5625 0.05 20.9125 cover
#box: 15.5625 0 0 15.6375 0.05 20.9 cover
#box: 15.6375 0 0 15.7125 0.05 20.8875 cover
#box: 15.7125 0 0 15.7875 0.05 20.875 cover
#box: 15.7875 0 0 15.8625 0.05 20.8625 cover
#box: 15.8625 0 0 15.9375 0.05 20.85 cover
#box: 15.9375 0 0 16.0125 0.05 20.8375 cover
#box: 16.0125 0 0 16.0875 0.05 20.825 cover
#box: 16.0875 0 0 16.1625 0.05 20.8125 cover
#box: 16.1625 0 0 16.2375 0.05 20.8 cover
#box: 16.2375 0 0 16.3125 0.05 20.7875 cover
#box: 16.3125 0 0 16.3875 0.05 20.775 cover
#box: 16.3875 0 0 16.4625 0.05 20.7625 cover
#box: 16.4625 0 0 16.5375 0.05 20.75 cover
#box: 16.5375 0 0 16.6125 0.05 20.7375 cover
#box: 16.6125 0 0 16.6875 0.05 20.725 cover
#box: 16.6875 0 0 16.7625 0.05 20.7125 cover
#box: 16.7625 0 0 16.8375 0.05 20.7 cover
#box: 16.8375 0 0 16.9125 0.05 20.6875 cover
#box: 16.9125 0 0 16.9875 0.05 20.675 cover
#box: 16.9875 0 0 17.0625 0.05 20.6625 cover
#box: 17.0625 0 0 17.1375 0.05 20.65 cover
#box: 17.1375 0 0 17.2125 0.05 20.6375 cover
#box: 17.2125 0 0 17.2875 0.05 20.625 cover
#box: 17.2875 0 0 17.3625 0.05 20.6125 cover
#box: 17.3625 0 0 17.4375 0.05 20.6 cover
#box: 17.4375 0 0 17.5125 0.05 20.5875 cover
#box: 17.5125 0 0 17.5875 0.05 20.575 cover
#box: 17.5875 0 0 17.6625 0.05 20.5625 cover
#box: 17.6625 0 0 17.7375 0.05 20.55 cover
#box: 17.7375 0 0 17.8125 0.05 20.5375 cover
#box: 17.8125 0 0 17.8875 0.05 20.525 cover
#box: 17.8875 0 0 17.9625 0.05 20.5125 cover
#box: 17.9625 0 0 18.0375 0.05 20.5 cover
#box: 18.0375 0 0 18.1125 0.05 20.4875 cover
#box: 18.1125 0 0 18.1875 0.05 20.475 cover
#box: 18.1875 0 0 18.2625 0.05 20.4625 cover
#box: 18.2625 0 0 18.3375 0.05 20.45 cover
#box: 18.3375 0 0 18.4125 0.05 20.4375 cover
#box: 18.4125 0 0 18.4875 0.05 20.425 cover
#box: 18.4875 0 0 18.5625 0.05 20.4125 cover
#box: 18.5625 0 0 18.6375 0.05 20.4 cover
#box: 18.6375 0 0 18.7125 0.05 20.3875 cover
#box: 18.7125 0 0 18.7875 0.05 20.375 cover
#box: 18.7875 0 0 18.8625 0.05 20.3625 cover
#box: 18.8625 0 0 18.9375 0.05 20.35 cover
#box: 18.9375 0 0 19.0125 0.05 20.3375 cover
#box: 19.0125 0 0 19.0875 0.05 20.325 cover
#box: 19.0875 0 0 19.1625 0.05 20.3125 cover
#box: 19.1625 0 0 19.2375 0.05 20.3 cover
#box: 19.2375 0 0 19.3125 0.05 20.2875 cover
#box: 19.3125 0 0 19.3875 0.05 20.275 cover
#box: 19.3875 0 0 19.4625 0.05 20.2625 cover
#box: 19.4625 0 0 19.5375 0.05 20.25 cover
#box: 19.5375 0 0 19.6125 0.05 20.2375 cover
#box: 19.6125 0 0 19.6875 0.05 20.225 cover
#box: 19.6875 0 0 19.7625 0.05 20.2125 cover
#box: 19.7625 0 0 19.8375 0.05 20.2 cover
#box: 19.8375 0 0 19.9125 0.05 20.1875 cover
#box: 19.9125 0 0 19.9875 0.05 20.175 cover
#box: 19.9875 0 0 20.0625 0.05 20.1625 cover
#box: 20.0625 0 0 20.1375 0.05 20.15 cover
#box: 20.1375 0 0 20.2125 0.05 20.1375 cover
#box: 20.2125 0 0 20.2875 0.05 20.125 cover
#box: 20.2875 0 0 20.3625 0.05 20.1125 cover
#box: 20.3625 0 0 20.4375 0.05 20.1 cover
#box: 20.4375 0 0 20.5125 0.05 20.0875 cover
#box: 20.5125 0 0 20.5875 0.05 20.075 cover
#box: 20.5875 0 0 20.6625 0.05 20.0625 cover
#box: 20.6625 0 0 20.7375 0.05 20.05 cover
#box: 20.7375 0 0 20.8125 0.05 20.0375 cover
#box: 20.8125 0 0 20.8875 0.05 20.025 cover
#box: 20.8875 0 0 20.9625 0.05 20.0125 cover
#box: 20.9625 0 0 21.0375 0.05 20 cover
#box: 21.0375 0 0 21.1125 0.05 19.9875 cover
#box: 21.1125 0 0 21.1875 0.05 19.975 cover
#box: 21.1875 0 0 21.2625 0.05 19.9625 cover
#box: 21.2625 0 0 21.3375 0.05 19.95 cover
#box: 21.3375 0 0 21.4125 0.05 19.9375 cover
#box: 21.4125 0 0 21.4875 0.05 19.925 cover
#box: 21.4875 0 0 21.5625 0.05 19.9125 cover
#box: 21.5625 0 0 21.6375 0.05 19.9 cover
#box: 21.6375 0 0 21.7125 0.05 19.8875 cover
#box: 21.7125 0 0 21.7875 0.05 19.875 cover
#box: 21.7875 0 0 21.8625 0.05 19.8625 cover
#box: 21.8625 0 0 21.9375 0.05 19.85 cover
#box: 21.9375 0 0 22.0125 0.05 19.8375 cover
#box: 22.0125 0 0 22.0875 0.05 19.825 cover
#box: 22.0875 0 0 22.1625 0.05 19.8125 cover
#box: 22.1625 0 0 22.2375 0.05 19.8 cover
#box: 22.2375 0 0 22.3125 0.05 19.7875 cover
#box: 22.3125 0 0 22.3875 0.05 19.775 cover
#box: 22.3875 0 0 22.4625 0.05 19.7625 cover
#box: 22.4625 0 0 22.5375 0.05 19.75 cover
#box: 22.5375 0 0 22.6125 0.05 19.7375 cover
#box: 22.6125 0 0 22.6875 0.05 19.725 cover
#box: 22.6875 0 0 22.7625 0.05 19.7125 cover
#box: 22.7625 0 0 22.8375 0.05 19.7 cover
#box: 22.8375 0 0 22.9125 0.05 19.6875 cover
#box: 22.9125 0 0 22.9875 0.05 19.675 cover
#box: 22.9875 0 0 23.0625 0.05 19.6625 cover
#box: 23.0625 0 0 23.1375 0.05 19.65 cover
#box: 23.1375 0 0 23.2125 0.05 19.6375 cover
#box: 23.2125 0 0 23.2875 0.05 19.625 cover
#box: 23.2875 0 0 23.3625 0.05 19.6125 cover
#box: 23.3625 0 0 23.4375 0.05 19.6 cover
#box: 23.4375 0 0 23.5125 0.05 19.5875 cover
#box: 23.5125 0 0 23.5875 0.05 19.575 cover
#box: 23.5875 0 0 23.6625 0.05 19.5625 cover
#box: 23.6625 0 0 23.7375 0.05 19.55 cover
#box: 23.7375 0 0 23.8125 0.05 19.5375 cover
#box: 23.8125 0 0 23.8875 0.05 19.525 cover
#box: 23.8875 0 0 23.9625 0.05 19.5125 cover
#box: 23.9625 0 0 36 0.05 19.5 cover
