#title: HS4T2D transect-2D fast study v0.1 (kinematic companion of HS4; invariant y; profile x = 3D bi=6 transect)
#domain: 36 0.05 33
#dx_dy_dz: 0.025 0.05 0.025
#time_window: 600e-9
#omp_threads: 8
#pml_cells: 80 0 40 80 0 40
#pml_formulation: HORIPML
#waveform: ricker 1 95e6 ricker95
#hertzian_dipole: y 17.6 0.025 14 ricker95
#rx: 18.9 0.025 14 t01 Ey
#material: 9 0.001 1 0 rock
#material: 18.017 0.003 1 0 cover
#add_dispersion_debye: 1 7.878 6.4567e-09 cover
#box: 0 0 0 36 0.05 12 rock
#box: 0 0 0 36 0.05 12 cover
#geometry_view: 0 0 0 36 0.05 33 0.025 0.05 0.025 hs4t2d_geom n
#rx: 15.075 0.025 8.975 p00c Ey Hx Hz
#rx: 15.075 0.025 8.95 p00z Hx
#rx: 15.05 0.025 8.975 p00x Hz
#rx: 16.575 0.025 8.975 p01c Ey Hx Hz
#rx: 16.575 0.025 8.95 p01z Hx
#rx: 16.55 0.025 8.975 p01x Hz
#rx: 18.075 0.025 8.975 p02c Ey Hx Hz
#rx: 18.075 0.025 8.95 p02z Hx
#rx: 18.05 0.025 8.975 p02x Hz
#rx: 19.575 0.025 8.975 p03c Ey Hx Hz
#rx: 19.575 0.025 8.95 p03z Hx
#rx: 19.55 0.025 8.975 p03x Hz
#rx: 21.075 0.025 8.975 p04c Ey Hx Hz
#rx: 21.075 0.025 8.95 p04z Hx
#rx: 21.05 0.025 8.975 p04x Hz
#rx: 15.075 0.025 11.975 p05c Ey Hx Hz
#rx: 15.075 0.025 11.95 p05z Hx
#rx: 15.05 0.025 11.975 p05x Hz
#rx: 18.075 0.025 11.975 p06c Ey Hx Hz
#rx: 18.075 0.025 11.95 p06z Hx
#rx: 18.05 0.025 11.975 p06x Hz
#rx: 21.075 0.025 11.975 p07c Ey Hx Hz
#rx: 21.075 0.025 11.95 p07z Hx
#rx: 21.05 0.025 11.975 p07x Hz
#rx: 18.825 0.025 13.925 p08c Ey Hx Hz
#rx: 18.825 0.025 13.9 p08z Hx
#rx: 18.8 0.025 13.925 p08x Hz
#rx: 18.825 0.025 26.975 p09c Ey Hx Hz
#rx: 18.825 0.025 26.95 p09z Hx
#rx: 18.8 0.025 26.975 p09x Hz
#rx: 16.575 0.025 17.075 p10c Ey Hx Hz
#rx: 16.575 0.025 17.05 p10z Hx
#rx: 16.55 0.025 17.075 p10x Hz
#rx: 19.575 0.025 17.075 p11c Ey Hx Hz
#rx: 19.575 0.025 17.05 p11z Hx
#rx: 19.55 0.025 17.075 p11x Hz
#snapshot: 13.5 0 8 22.5 0.05 28.1 0.15 0.05 0.15 0 snap00000.h5
#snapshot: 13.5 0 8 22.5 0.05 28.1 0.15 0.05 0.15 10 snap00010.h5
#snapshot: 13.5 0 8 22.5 0.05 28.1 0.15 0.05 0.15 20 snap00020.h5
#snapshot: 13.5 0 8 22.5 0.05 28.1 0.15 0.05 0.15 30 snap00030.h5
#snapshot: 13.5 0 8 22.5 0.05 28.1 0.15 0.05 0.15 40 snap00040.h5
#snapshot: 13.5 0 8 22.5 0.05 28.1 0.15 0.05 0.15 50 snap00050.h5
#snapshot: 13.5 0 8 22.5 0.05 28.1 0.15 0.05 0.15 60 snap00060.h5
#snapshot: 13.5 0 8 22.5 0.05 28.1 0.15 0.05 0.15 70 snap00070.h5
#snapshot: 13.5 0 8 22.5 0.05 28.1 0.15 0.05 0.15 80 snap00080.h5
#snapshot: 13.5 0 8 22.5 0.05 28.1 0.15 0.05 0.15 90 snap00090.h5
#snapshot: 13.5 0 8 22.5 0.05 28.1 0.15 0.05 0.15 100 snap00100.h5
#snapshot: 13.5 0 8 22.5 0.05 28.1 0.15 0.05 0.15 110 snap00110.h5
#snapshot: 13.5 0 8 22.5 0.05 28.1 0.15 0.05 0.15 120 snap00120.h5
#snapshot: 13.5 0 8 22.5 0.05 28.1 0.15 0.05 0.15 130 snap00130.h5
#snapshot: 13.5 0 8 22.5 0.05 28.1 0.15 0.05 0.15 140 snap00140.h5
#snapshot: 13.5 0 8 22.5 0.05 28.1 0.15 0.05 0.15 150 snap00150.h5
#snapshot: 13.5 0 8 22.5 0.05 28.1 0.15 0.05 0.15 160 snap00160.h5
#snapshot: 13.5 0 8 22.5 0.05 28.1 0.15 0.05 0.15 170 snap00170.h5
#snapshot: 13.5 0 8 22.5 0.05 28.1 0.15 0.05 0.15 180 snap00180.h5
#snapshot: 13.5 0 8 22.5 0.05 28.1 0.15 0.05 0.15 190 snap00190.h5
#snapshot: 13.5 0 8 22.5 0.05 28.1 0.15 0.05 0.15 200 snap00200.h5
#snapshot: 13.5 0 8 22.5 0.05 28.1 0.15 0.05 0.15 210 snap00210.h5
#snapshot: 13.5 0 8 22.5 0.05 28.1 0.15 0.05 0.15 220 snap00220.h5
#snapshot: 13.5 0 8 22.5 0.05 28.1 0.15 0.05 0.15 230 snap00230.h5
#snapshot: 13.5 0 8 22.5 0.05 28.1 0.15 0.05 0.15 240 snap00240.h5
#snapshot: 13.5 0 8 22.5 0.05 28.1 0.15 0.05 0.15 250 snap00250.h5
#snapshot: 13.5 0 8 22.5 0.05 28.1 0.15 0.05 0.15 260 snap00260.h5
#snapshot: 13.5 0 8 22.5 0.05 28.1 0.15 0.05 0.15 270 snap00270.h5
#snapshot: 13.5 0 8 22.5 0.05 28.1 0.15 0.05 0.15 280 snap00280.h5
#snapshot: 13.5 0 8 22.5 0.05 28.1 0.15 0.05 0.15 290 snap00290.h5
#snapshot: 13.5 0 8 22.5 0.05 28.1 0.15 0.05 0.15 300 snap00300.h5
#snapshot: 13.5 0 8 22.5 0.05 28.1 0.15 0.05 0.15 310 snap00310.h5
#snapshot: 13.5 0 8 22.5 0.05 28.1 0.15 0.05 0.15 320 snap00320.h5
#snapshot: 13.5 0 8 22.5 0.05 28.1 0.15 0.05 0.15 330 snap00330.h5
#snapshot: 13.5 0 8 22.5 0.05 28.1 0.15 0.05 0.15 340 snap00340.h5
#snapshot: 13.5 0 8 22.5 0.05 28.1 0.15 0.05 0.15 350 snap00350.h5
#snapshot: 13.5 0 8 22.5 0.05 28.1 0.15 0.05 0.15 360 snap00360.h5
#snapshot: 13.5 0 8 22.5 0.05 28.1 0.15 0.05 0.15 370 snap00370.h5
#snapshot: 13.5 0 8 22.5 0.05 28.1 0.15 0.05 0.15 380 snap00380.h5
#snapshot: 13.5 0 8 22.5 0.05 28.1 0.15 0.05 0.15 390 snap00390.h5
#snapshot: 13.5 0 8 22.5 0.05 28.1 0.15 0.05 0.15 400 snap00400.h5
#snapshot: 13.5 0 8 22.5 0.05 28.1 0.15 0.05 0.15 410 snap00410.h5
#snapshot: 13.5 0 8 22.5 0.05 28.1 0.15 0.05 0.15 420 snap00420.h5
#snapshot: 13.5 0 8 22.5 0.05 28.1 0.15 0.05 0.15 430 snap00430.h5
#snapshot: 13.5 0 8 22.5 0.05 28.1 0.15 0.05 0.15 440 snap00440.h5
#snapshot: 13.5 0 8 22.5 0.05 28.1 0.15 0.05 0.15 450 snap00450.h5
#snapshot: 13.5 0 8 22.5 0.05 28.1 0.15 0.05 0.15 460 snap00460.h5
#snapshot: 13.5 0 8 22.5 0.05 28.1 0.15 0.05 0.15 470 snap00470.h5
#snapshot: 13.5 0 8 22.5 0.05 28.1 0.15 0.05 0.15 480 snap00480.h5
#snapshot: 13.5 0 8 22.5 0.05 28.1 0.15 0.05 0.15 490 snap00490.h5
#snapshot: 13.5 0 8 22.5 0.05 28.1 0.15 0.05 0.15 500 snap00500.h5
#snapshot: 13.5 0 8 22.5 0.05 28.1 0.15 0.05 0.15 510 snap00510.h5
#snapshot: 13.5 0 8 22.5 0.05 28.1 0.15 0.05 0.15 520 snap00520.h5
#snapshot: 13.5 0 8 22.5 0.05 28.1 0.15 0.05 0.15 530 snap00530.h5
#snapshot: 13.5 0 8 22.5 0.05 28.1 0.15 0.05 0.15 540 snap00540.h5
#snapshot: 13.5 0 8 22.5 0.05 28.1 0.15 0.05 0.15 550 snap00550.h5
#snapshot: 13.5 0 8 22.5 0.05 28.1 0.15 0.05 0.15 560 snap00560.h5
#snapshot: 13.5 0 8 22.5 0.05 28.1 0.15 0.05 0.15 570 snap00570.h5
#snapshot: 13.5 0 8 22.5 0.05 28.1 0.15 0.05 0.15 580 snap00580.h5
#snapshot: 13.5 0 8 22.5 0.05 28.1 0.15 0.05 0.15 590 snap00590.h5
#snapshot: 13.5 0 8 22.5 0.05 28.1 0.15 0.05 0.15 600 snap00600.h5
#snapshot: 13.5 0 8 22.5 0.05 28.1 0.15 0.05 0.15 610 snap00610.h5
#snapshot: 13.5 0 8 22.5 0.05 28.1 0.15 0.05 0.15 620 snap00620.h5
#snapshot: 13.5 0 8 22.5 0.05 28.1 0.15 0.05 0.15 630 snap00630.h5
#snapshot: 13.5 0 8 22.5 0.05 28.1 0.15 0.05 0.15 640 snap00640.h5
#snapshot: 13.5 0 8 22.5 0.05 28.1 0.15 0.05 0.15 650 snap00650.h5
#snapshot: 13.5 0 8 22.5 0.05 28.1 0.15 0.05 0.15 660 snap00660.h5
#snapshot: 13.5 0 8 22.5 0.05 28.1 0.15 0.05 0.15 670 snap00670.h5
#snapshot: 13.5 0 8 22.5 0.05 28.1 0.15 0.05 0.15 680 snap00680.h5
#snapshot: 13.5 0 8 22.5 0.05 28.1 0.15 0.05 0.15 690 snap00690.h5
#snapshot: 13.5 0 8 22.5 0.05 28.1 0.15 0.05 0.15 700 snap00700.h5
#snapshot: 13.5 0 8 22.5 0.05 28.1 0.15 0.05 0.15 710 snap00710.h5
#snapshot: 13.5 0 8 22.5 0.05 28.1 0.15 0.05 0.15 720 snap00720.h5
#snapshot: 13.5 0 8 22.5 0.05 28.1 0.15 0.05 0.15 730 snap00730.h5
#snapshot: 13.5 0 8 22.5 0.05 28.1 0.15 0.05 0.15 740 snap00740.h5
#snapshot: 13.5 0 8 22.5 0.05 28.1 0.15 0.05 0.15 750 snap00750.h5
#snapshot: 13.5 0 8 22.5 0.05 28.1 0.15 0.05 0.15 760 snap00760.h5
#snapshot: 13.5 0 8 22.5 0.05 28.1 0.15 0.05 0.15 770 snap00770.h5
#snapshot: 13.5 0 8 22.5 0.05 28.1 0.15 0.05 0.15 780 snap00780.h5
#snapshot: 13.5 0 8 22.5 0.05 28.1 0.15 0.05 0.15 790 snap00790.h5
#snapshot: 13.5 0 8 22.5 0.05 28.1 0.15 0.05 0.15 800 snap00800.h5
#snapshot: 13.5 0 8 22.5 0.05 28.1 0.15 0.05 0.15 810 snap00810.h5
#snapshot: 13.5 0 8 22.5 0.05 28.1 0.15 0.05 0.15 820 snap00820.h5
#snapshot: 13.5 0 8 22.5 0.05 28.1 0.15 0.05 0.15 830 snap00830.h5
#snapshot: 13.5 0 8 22.5 0.05 28.1 0.15 0.05 0.15 840 snap00840.h5
#snapshot: 13.5 0 8 22.5 0.05 28.1 0.15 0.05 0.15 850 snap00850.h5
#snapshot: 13.5 0 8 22.5 0.05 28.1 0.15 0.05 0.15 860 snap00860.h5
#snapshot: 13.5 0 8 22.5 0.05 28.1 0.15 0.05 0.15 870 snap00870.h5
#snapshot: 13.5 0 8 22.5 0.05 28.1 0.15 0.05 0.15 880 snap00880.h5
#snapshot: 13.5 0 8 22.5 0.05 28.1 0.15 0.05 0.15 890 snap00890.h5
#snapshot: 13.5 0 8 22.5 0.05 28.1 0.15 0.05 0.15 900 snap00900.h5
#snapshot: 13.5 0 8 22.5 0.05 28.1 0.15 0.05 0.15 910 snap00910.h5
#snapshot: 13.5 0 8 22.5 0.05 28.1 0.15 0.05 0.15 920 snap00920.h5
#snapshot: 13.5 0 8 22.5 0.05 28.1 0.15 0.05 0.15 930 snap00930.h5
#snapshot: 13.5 0 8 22.5 0.05 28.1 0.15 0.05 0.15 940 snap00940.h5
#snapshot: 13.5 0 8 22.5 0.05 28.1 0.15 0.05 0.15 950 snap00950.h5
#snapshot: 13.5 0 8 22.5 0.05 28.1 0.15 0.05 0.15 960 snap00960.h5
#snapshot: 13.5 0 8 22.5 0.05 28.1 0.15 0.05 0.15 970 snap00970.h5
#snapshot: 13.5 0 8 22.5 0.05 28.1 0.15 0.05 0.15 980 snap00980.h5
#snapshot: 13.5 0 8 22.5 0.05 28.1 0.15 0.05 0.15 990 snap00990.h5
#snapshot: 13.5 0 8 22.5 0.05 28.1 0.15 0.05 0.15 1000 snap01000.h5
#snapshot: 13.5 0 8 22.5 0.05 28.1 0.15 0.05 0.15 1010 snap01010.h5
#snapshot: 13.5 0 8 22.5 0.05 28.1 0.15 0.05 0.15 1020 snap01020.h5
#snapshot: 13.5 0 8 22.5 0.05 28.1 0.15 0.05 0.15 1030 snap01030.h5
#snapshot: 13.5 0 8 22.5 0.05 28.1 0.15 0.05 0.15 1040 snap01040.h5
#snapshot: 13.5 0 8 22.5 0.05 28.1 0.15 0.05 0.15 1050 snap01050.h5
#snapshot: 13.5 0 8 22.5 0.05 28.1 0.15 0.05 0.15 1060 snap01060.h5
#snapshot: 13.5 0 8 22.5 0.05 28.1 0.15 0.05 0.15 1070 snap01070.h5
#snapshot: 13.5 0 8 22.5 0.05 28.1 0.15 0.05 0.15 1080 snap01080.h5
#snapshot: 13.5 0 8 22.5 0.05 28.1 0.15 0.05 0.15 1090 snap01090.h5
#snapshot: 13.5 0 8 22.5 0.05 28.1 0.15 0.05 0.15 1100 snap01100.h5
#snapshot: 13.5 0 8 22.5 0.05 28.1 0.15 0.05 0.15 1110 snap01110.h5
#snapshot: 13.5 0 8 22.5 0.05 28.1 0.15 0.05 0.15 1120 snap01120.h5
#snapshot: 13.5 0 8 22.5 0.05 28.1 0.15 0.05 0.15 1130 snap01130.h5
#snapshot: 13.5 0 8 22.5 0.05 28.1 0.15 0.05 0.15 1140 snap01140.h5
#snapshot: 13.5 0 8 22.5 0.05 28.1 0.15 0.05 0.15 1150 snap01150.h5
#snapshot: 13.5 0 8 22.5 0.05 28.1 0.15 0.05 0.15 1160 snap01160.h5
#snapshot: 13.5 0 8 22.5 0.05 28.1 0.15 0.05 0.15 1170 snap01170.h5
#snapshot: 13.5 0 8 22.5 0.05 28.1 0.15 0.05 0.15 1180 snap01180.h5
#snapshot: 13.5 0 8 22.5 0.05 28.1 0.15 0.05 0.15 1190 snap01190.h5
#snapshot: 13.5 0 8 22.5 0.05 28.1 0.15 0.05 0.15 1200 snap01200.h5
#snapshot: 13.5 0 8 22.5 0.05 28.1 0.15 0.05 0.15 1210 snap01210.h5
#snapshot: 13.5 0 8 22.5 0.05 28.1 0.15 0.05 0.15 1220 snap01220.h5
#snapshot: 13.5 0 8 22.5 0.05 28.1 0.15 0.05 0.15 1230 snap01230.h5
#snapshot: 13.5 0 8 22.5 0.05 28.1 0.15 0.05 0.15 1240 snap01240.h5
#snapshot: 13.5 0 8 22.5 0.05 28.1 0.15 0.05 0.15 1250 snap01250.h5
#snapshot: 13.5 0 8 22.5 0.05 28.1 0.15 0.05 0.15 1260 snap01260.h5
#snapshot: 13.5 0 8 22.5 0.05 28.1 0.15 0.05 0.15 1270 snap01270.h5
#snapshot: 13.5 0 8 22.5 0.05 28.1 0.15 0.05 0.15 1280 snap01280.h5
#snapshot: 13.5 0 8 22.5 0.05 28.1 0.15 0.05 0.15 1290 snap01290.h5
#snapshot: 13.5 0 8 22.5 0.05 28.1 0.15 0.05 0.15 1300 snap01300.h5
#snapshot: 13.5 0 8 22.5 0.05 28.1 0.15 0.05 0.15 1310 snap01310.h5
#snapshot: 13.5 0 8 22.5 0.05 28.1 0.15 0.05 0.15 1320 snap01320.h5
#snapshot: 13.5 0 8 22.5 0.05 28.1 0.15 0.05 0.15 1330 snap01330.h5
#snapshot: 13.5 0 8 22.5 0.05 28.1 0.15 0.05 0.15 1340 snap01340.h5
#snapshot: 13.5 0 8 22.5 0.05 28.1 0.15 0.05 0.15 1350 snap01350.h5
#snapshot: 13.5 0 8 22.5 0.05 28.1 0.15 0.05 0.15 1360 snap01360.h5
#snapshot: 13.5 0 8 22.5 0.05 28.1 0.15 0.05 0.15 1370 snap01370.h5
#snapshot: 13.5 0 8 22.5 0.05 28.1 0.15 0.05 0.15 1380 snap01380.h5
#snapshot: 13.5 0 8 22.5 0.05 28.1 0.15 0.05 0.15 1390 snap01390.h5
#snapshot: 13.5 0 8 22.5 0.05 28.1 0.15 0.05 0.15 1400 snap01400.h5
#snapshot: 13.5 0 8 22.5 0.05 28.1 0.15 0.05 0.15 1410 snap01410.h5
#snapshot: 13.5 0 8 22.5 0.05 28.1 0.15 0.05 0.15 1420 snap01420.h5
#snapshot: 13.5 0 8 22.5 0.05 28.1 0.15 0.05 0.15 1430 snap01430.h5
#snapshot: 13.5 0 8 22.5 0.05 28.1 0.15 0.05 0.15 1440 snap01440.h5
#snapshot: 13.5 0 8 22.5 0.05 28.1 0.15 0.05 0.15 1450 snap01450.h5
#snapshot: 13.5 0 8 22.5 0.05 28.1 0.15 0.05 0.15 1460 snap01460.h5
#snapshot: 13.5 0 8 22.5 0.05 28.1 0.15 0.05 0.15 1470 snap01470.h5
#snapshot: 13.5 0 8 22.5 0.05 28.1 0.15 0.05 0.15 1480 snap01480.h5
#snapshot: 13.5 0 8 22.5 0.05 28.1 0.15 0.05 0.15 1490 snap01490.h5
#snapshot: 13.5 0 8 22.5 0.05 28.1 0.15 0.05 0.15 1500 snap01500.h5
#snapshot: 13.5 0 8 22.5 0.05 28.1 0.15 0.05 0.15 1510 snap01510.h5
#snapshot: 13.5 0 8 22.5 0.05 28.1 0.15 0.05 0.15 1520 snap01520.h5
#snapshot: 13.5 0 8 22.5 0.05 28.1 0.15 0.05 0.15 1530 snap01530.h5
#snapshot: 13.5 0 8 22.5 0.05 28.1 0.15 0.05 0.15 1540 snap01540.h5
#snapshot: 13.5 0 8 22.5 0.05 28.1 0.15 0.05 0.15 1550 snap01550.h5
#snapshot: 13.5 0 8 22.5 0.05 28.1 0.15 0.05 0.15 1560 snap01560.h5
#snapshot: 13.5 0 8 22.5 0.05 28.1 0.15 0.05 0.15 1570 snap01570.h5
#snapshot: 13.5 0 8 22.5 0.05 28.1 0.15 0.05 0.15 1580 snap01580.h5
#snapshot: 13.5 0 8 22.5 0.05 28.1 0.15 0.05 0.15 1590 snap01590.h5
#snapshot: 13.5 0 8 22.5 0.05 28.1 0.15 0.05 0.15 1600 snap01600.h5
#snapshot: 13.5 0 8 22.5 0.05 28.1 0.15 0.05 0.15 1610 snap01610.h5
#snapshot: 13.5 0 8 22.5 0.05 28.1 0.15 0.05 0.15 1620 snap01620.h5
#snapshot: 13.5 0 8 22.5 0.05 28.1 0.15 0.05 0.15 1630 snap01630.h5
#snapshot: 13.5 0 8 22.5 0.05 28.1 0.15 0.05 0.15 1640 snap01640.h5
#snapshot: 13.5 0 8 22.5 0.05 28.1 0.15 0.05 0.15 1650 snap01650.h5
#snapshot: 13.5 0 8 22.5 0.05 28.1 0.15 0.05 0.15 1660 snap01660.h5
#snapshot: 13.5 0 8 22.5 0.05 28.1 0.15 0.05 0.15 1670 snap01670.h5
#snapshot: 13.5 0 8 22.5 0.05 28.1 0.15 0.05 0.15 1680 snap01680.h5
#snapshot: 13.5 0 8 22.5 0.05 28.1 0.15 0.05 0.15 1690 snap01690.h5
#snapshot: 13.5 0 8 22.5 0.05 28.1 0.15 0.05 0.15 1700 snap01700.h5
#snapshot: 13.5 0 8 22.5 0.05 28.1 0.15 0.05 0.15 1710 snap01710.h5
#snapshot: 13.5 0 8 22.5 0.05 28.1 0.15 0.05 0.15 1720 snap01720.h5
#snapshot: 13.5 0 8 22.5 0.05 28.1 0.15 0.05 0.15 1730 snap01730.h5
#snapshot: 13.5 0 8 22.5 0.05 28.1 0.15 0.05 0.15 1740 snap01740.h5
#snapshot: 13.5 0 8 22.5 0.05 28.1 0.15 0.05 0.15 1750 snap01750.h5
#snapshot: 13.5 0 8 22.5 0.05 28.1 0.15 0.05 0.15 1760 snap01760.h5
#snapshot: 13.5 0 8 22.5 0.05 28.1 0.15 0.05 0.15 1770 snap01770.h5
#snapshot: 13.5 0 8 22.5 0.05 28.1 0.15 0.05 0.15 1780 snap01780.h5
#snapshot: 13.5 0 8 22.5 0.05 28.1 0.15 0.05 0.15 1790 snap01790.h5
#snapshot: 13.5 0 8 22.5 0.05 28.1 0.15 0.05 0.15 1800 snap01800.h5
#snapshot: 13.5 0 8 22.5 0.05 28.1 0.15 0.05 0.15 1810 snap01810.h5
#snapshot: 13.5 0 8 22.5 0.05 28.1 0.15 0.05 0.15 1820 snap01820.h5
#snapshot: 13.5 0 8 22.5 0.05 28.1 0.15 0.05 0.15 1830 snap01830.h5
#snapshot: 13.5 0 8 22.5 0.05 28.1 0.15 0.05 0.15 1840 snap01840.h5
#snapshot: 13.5 0 8 22.5 0.05 28.1 0.15 0.05 0.15 1850 snap01850.h5
#snapshot: 13.5 0 8 22.5 0.05 28.1 0.15 0.05 0.15 1860 snap01860.h5
#snapshot: 13.5 0 8 22.5 0.05 28.1 0.15 0.05 0.15 1870 snap01870.h5
#snapshot: 13.5 0 8 22.5 0.05 28.1 0.15 0.05 0.15 1880 snap01880.h5
#snapshot: 13.5 0 8 22.5 0.05 28.1 0.15 0.05 0.15 1890 snap01890.h5
#snapshot: 13.5 0 8 22.5 0.05 28.1 0.15 0.05 0.15 1900 snap01900.h5
#snapshot: 13.5 0 8 22.5 0.05 28.1 0.15 0.05 0.15 1910 snap01910.h5
#snapshot: 13.5 0 8 22.5 0.05 28.1 0.15 0.05 0.15 1920 snap01920.h5
#snapshot: 13.5 0 8 22.5 0.05 28.1 0.15 0.05 0.15 1930 snap01930.h5
#snapshot: 13.5 0 8 22.5 0.05 28.1 0.15 0.05 0.15 1940 snap01940.h5
#snapshot: 13.5 0 8 22.5 0.05 28.1 0.15 0.05 0.15 1950 snap01950.h5
#snapshot: 13.5 0 8 22.5 0.05 28.1 0.15 0.05 0.15 1960 snap01960.h5
#snapshot: 13.5 0 8 22.5 0.05 28.1 0.15 0.05 0.15 1970 snap01970.h5
#snapshot: 13.5 0 8 22.5 0.05 28.1 0.15 0.05 0.15 1980 snap01980.h5
#snapshot: 13.5 0 8 22.5 0.05 28.1 0.15 0.05 0.15 1990 snap01990.h5
#snapshot: 13.5 0 8 22.5 0.05 28.1 0.15 0.05 0.15 2000 snap02000.h5
#snapshot: 13.5 0 8 22.5 0.05 28.1 0.15 0.05 0.15 2010 snap02010.h5
#snapshot: 13.5 0 8 22.5 0.05 28.1 0.15 0.05 0.15 2020 snap02020.h5
#snapshot: 13.5 0 8 22.5 0.05 28.1 0.15 0.05 0.15 2030 snap02030.h5
#snapshot: 13.5 0 8 22.5 0.05 28.1 0.15 0.05 0.15 2040 snap02040.h5
#snapshot: 13.5 0 8 22.5 0.05 28.1 0.15 0.05 0.15 2050 snap02050.h5
#snapshot: 13.5 0 8 22.5 0.05 28.1 0.15 0.05 0.15 2060 snap02060.h5
#snapshot: 13.5 0 8 22.5 0.05 28.1 0.15 0.05 0.15 2070 snap02070.h5
#snapshot: 13.5 0 8 22.5 0.05 28.1 0.15 0.05 0.15 2080 snap02080.h5
#snapshot: 13.5 0 8 22.5 0.05 28.1 0.15 0.05 0.15 2090 snap02090.h5
#snapshot: 13.5 0 8 22.5 0.05 28.1 0.15 0.05 0.15 2100 snap02100.h5
#snapshot: 13.5 0 8 22.5 0.05 28.1 0.15 0.05 0.15 2110 snap02110.h5
#snapshot: 13.5 0 8 22.5 0.05 28.1 0.15 0.05 0.15 2120 snap02120.h5
#snapshot: 13.5 0 8 22.5 0.05 28.1 0.15 0.05 0.15 2130 snap02130.h5
#snapshot: 13.5 0 8 22.5 0.05 28.1 0.15 0.05 0.15 2140 snap02140.h5
#snapshot: 13.5 0 8 22.5 0.05 28.1 0.15 0.05 0.15 2150 snap02150.h5
#snapshot: 13.5 0 8 22.5 0.05 28.1 0.15 0.05 0.15 2160 snap02160.h5
#snapshot: 13.5 0 8 22.5 0.05 28.1 0.15 0.05 0.15 2170 snap02170.h5
#snapshot: 13.5 0 8 22.5 0.05 28.1 0.15 0.05 0.15 2180 snap02180.h5
#snapshot: 13.5 0 8 22.5 0.05 28.1 0.15 0.05 0.15 2190 snap02190.h5
#snapshot: 13.5 0 8 22.5 0.05 28.1 0.15 0.05 0.15 2200 snap02200.h5
#snapshot: 13.5 0 8 22.5 0.05 28.1 0.15 0.05 0.15 2210 snap02210.h5
#snapshot: 13.5 0 8 22.5 0.05 28.1 0.15 0.05 0.15 2220 snap02220.h5
#snapshot: 13.5 0 8 22.5 0.05 28.1 0.15 0.05 0.15 2230 snap02230.h5
#snapshot: 13.5 0 8 22.5 0.05 28.1 0.15 0.05 0.15 2240 snap02240.h5
#snapshot: 13.5 0 8 22.5 0.05 28.1 0.15 0.05 0.15 2250 snap02250.h5
#snapshot: 13.5 0 8 22.5 0.05 28.1 0.15 0.05 0.15 2260 snap02260.h5
#snapshot: 13.5 0 8 22.5 0.05 28.1 0.15 0.05 0.15 2270 snap02270.h5
#snapshot: 13.5 0 8 22.5 0.05 28.1 0.15 0.05 0.15 2280 snap02280.h5
#snapshot: 13.5 0 8 22.5 0.05 28.1 0.15 0.05 0.15 2290 snap02290.h5
#snapshot: 13.5 0 8 22.5 0.05 28.1 0.15 0.05 0.15 2300 snap02300.h5
#snapshot: 13.5 0 8 22.5 0.05 28.1 0.15 0.05 0.15 2310 snap02310.h5
#snapshot: 13.5 0 8 22.5 0.05 28.1 0.15 0.05 0.15 2320 snap02320.h5
#snapshot: 13.5 0 8 22.5 0.05 28.1 0.15 0.05 0.15 2330 snap02330.h5
#snapshot: 13.5 0 8 22.5 0.05 28.1 0.15 0.05 0.15 2340 snap02340.h5
#snapshot: 13.5 0 8 22.5 0.05 28.1 0.15 0.05 0.15 2350 snap02350.h5
#snapshot: 13.5 0 8 22.5 0.05 28.1 0.15 0.05 0.15 2360 snap02360.h5
#snapshot: 13.5 0 8 22.5 0.05 28.1 0.15 0.05 0.15 2370 snap02370.h5
#snapshot: 13.5 0 8 22.5 0.05 28.1 0.15 0.05 0.15 2380 snap02380.h5
#snapshot: 13.5 0 8 22.5 0.05 28.1 0.15 0.05 0.15 2390 snap02390.h5
#snapshot: 13.5 0 8 22.5 0.05 28.1 0.15 0.05 0.15 2400 snap02400.h5
#snapshot: 13.5 0 8 22.5 0.05 28.1 0.15 0.05 0.15 2410 snap02410.h5
#snapshot: 13.5 0 8 22.5 0.05 28.1 0.15 0.05 0.15 2420 snap02420.h5
#snapshot: 13.5 0 8 22.5 0.05 28.1 0.15 0.05 0.15 2430 snap02430.h5
#snapshot: 13.5 0 8 22.5 0.05 28.1 0.15 0.05 0.15 2440 snap02440.h5
#snapshot: 13.5 0 8 22.5 0.05 28.1 0.15 0.05 0.15 2450 snap02450.h5
#snapshot: 13.5 0 8 22.5 0.05 28.1 0.15 0.05 0.15 2460 snap02460.h5
#snapshot: 13.5 0 8 22.5 0.05 28.1 0.15 0.05 0.15 2470 snap02470.h5
#snapshot: 13.5 0 8 22.5 0.05 28.1 0.15 0.05 0.15 2480 snap02480.h5
#snapshot: 13.5 0 8 22.5 0.05 28.1 0.15 0.05 0.15 2490 snap02490.h5
#snapshot: 13.5 0 8 22.5 0.05 28.1 0.15 0.05 0.15 2500 snap02500.h5
#snapshot: 13.5 0 8 22.5 0.05 28.1 0.15 0.05 0.15 2510 snap02510.h5
#snapshot: 13.5 0 8 22.5 0.05 28.1 0.15 0.05 0.15 2520 snap02520.h5
#snapshot: 13.5 0 8 22.5 0.05 28.1 0.15 0.05 0.15 2530 snap02530.h5
#snapshot: 13.5 0 8 22.5 0.05 28.1 0.15 0.05 0.15 2540 snap02540.h5
#snapshot: 13.5 0 8 22.5 0.05 28.1 0.15 0.05 0.15 2550 snap02550.h5
#snapshot: 13.5 0 8 22.5 0.05 28.1 0.15 0.05 0.15 2560 snap02560.h5
#snapshot: 13.5 0 8 22.5 0.05 28.1 0.15 0.05 0.15 2570 snap02570.h5
#snapshot: 13.5 0 8 22.5 0.05 28.1 0.15 0.05 0.15 2580 snap02580.h5
#snapshot: 13.5 0 8 22.5 0.05 28.1 0.15 0.05 0.15 2590 snap02590.h5
#snapshot: 13.5 0 8 22.5 0.05 28.1 0.15 0.05 0.15 2600 snap02600.h5
#snapshot: 13.5 0 8 22.5 0.05 28.1 0.15 0.05 0.15 2610 snap02610.h5
#snapshot: 13.5 0 8 22.5 0.05 28.1 0.15 0.05 0.15 2620 snap02620.h5
#snapshot: 13.5 0 8 22.5 0.05 28.1 0.15 0.05 0.15 2630 snap02630.h5
#snapshot: 13.5 0 8 22.5 0.05 28.1 0.15 0.05 0.15 2640 snap02640.h5
#snapshot: 13.5 0 8 22.5 0.05 28.1 0.15 0.05 0.15 2650 snap02650.h5
#snapshot: 13.5 0 8 22.5 0.05 28.1 0.15 0.05 0.15 2660 snap02660.h5
#snapshot: 13.5 0 8 22.5 0.05 28.1 0.15 0.05 0.15 2670 snap02670.h5
#snapshot: 13.5 0 8 22.5 0.05 28.1 0.15 0.05 0.15 2680 snap02680.h5
#snapshot: 13.5 0 8 22.5 0.05 28.1 0.15 0.05 0.15 2690 snap02690.h5
#snapshot: 13.5 0 8 22.5 0.05 28.1 0.15 0.05 0.15 2700 snap02700.h5
#snapshot: 13.5 0 8 22.5 0.05 28.1 0.15 0.05 0.15 2710 snap02710.h5
#snapshot: 13.5 0 8 22.5 0.05 28.1 0.15 0.05 0.15 2720 snap02720.h5
#snapshot: 13.5 0 8 22.5 0.05 28.1 0.15 0.05 0.15 2730 snap02730.h5
#snapshot: 13.5 0 8 22.5 0.05 28.1 0.15 0.05 0.15 2740 snap02740.h5
#snapshot: 13.5 0 8 22.5 0.05 28.1 0.15 0.05 0.15 2750 snap02750.h5
#snapshot: 13.5 0 8 22.5 0.05 28.1 0.15 0.05 0.15 2760 snap02760.h5
#snapshot: 13.5 0 8 22.5 0.05 28.1 0.15 0.05 0.15 2770 snap02770.h5
#snapshot: 13.5 0 8 22.5 0.05 28.1 0.15 0.05 0.15 2780 snap02780.h5
#snapshot: 13.5 0 8 22.5 0.05 28.1 0.15 0.05 0.15 2790 snap02790.h5
#snapshot: 13.5 0 8 22.5 0.05 28.1 0.15 0.05 0.15 2800 snap02800.h5
#snapshot: 13.5 0 8 22.5 0.05 28.1 0.15 0.05 0.15 2810 snap02810.h5
#snapshot: 13.5 0 8 22.5 0.05 28.1 0.15 0.05 0.15 2820 snap02820.h5
#snapshot: 13.5 0 8 22.5 0.05 28.1 0.15 0.05 0.15 2830 snap02830.h5
#snapshot: 13.5 0 8 22.5 0.05 28.1 0.15 0.05 0.15 2840 snap02840.h5
#snapshot: 13.5 0 8 22.5 0.05 28.1 0.15 0.05 0.15 2850 snap02850.h5
#snapshot: 13.5 0 8 22.5 0.05 28.1 0.15 0.05 0.15 2860 snap02860.h5
#snapshot: 13.5 0 8 22.5 0.05 28.1 0.15 0.05 0.15 2870 snap02870.h5
#snapshot: 13.5 0 8 22.5 0.05 28.1 0.15 0.05 0.15 2880 snap02880.h5
#snapshot: 13.5 0 8 22.5 0.05 28.1 0.15 0.05 0.15 2890 snap02890.h5
#snapshot: 13.5 0 8 22.5 0.05 28.1 0.15 0.05 0.15 2900 snap02900.h5
#snapshot: 13.5 0 8 22.5 0.05 28.1 0.15 0.05 0.15 2910 snap02910.h5
#snapshot: 13.5 0 8 22.5 0.05 28.1 0.15 0.05 0.15 2920 snap02920.h5
#snapshot: 13.5 0 8 22.5 0.05 28.1 0.15 0.05 0.15 2930 snap02930.h5
#snapshot: 13.5 0 8 22.5 0.05 28.1 0.15 0.05 0.15 2940 snap02940.h5
#snapshot: 13.5 0 8 22.5 0.05 28.1 0.15 0.05 0.15 2950 snap02950.h5
#snapshot: 13.5 0 8 22.5 0.05 28.1 0.15 0.05 0.15 2960 snap02960.h5
#snapshot: 13.5 0 8 22.5 0.05 28.1 0.15 0.05 0.15 2970 snap02970.h5
#snapshot: 13.5 0 8 22.5 0.05 28.1 0.15 0.05 0.15 2980 snap02980.h5
#snapshot: 13.5 0 8 22.5 0.05 28.1 0.15 0.05 0.15 2990 snap02990.h5
#snapshot: 13.5 0 8 22.5 0.05 28.1 0.15 0.05 0.15 3000 snap03000.h5
#snapshot: 13.5 0 8 22.5 0.05 28.1 0.15 0.05 0.15 3010 snap03010.h5
#snapshot: 13.5 0 8 22.5 0.05 28.1 0.15 0.05 0.15 3020 snap03020.h5
#snapshot: 13.5 0 8 22.5 0.05 28.1 0.15 0.05 0.15 3030 snap03030.h5
#snapshot: 13.5 0 8 22.5 0.05 28.1 0.15 0.05 0.15 3040 snap03040.h5
#snapshot: 13.5 0 8 22.5 0.05 28.1 0.15 0.05 0.15 3050 snap03050.h5
#snapshot: 13.5 0 8 22.5 0.05 28.1 0.15 0.05 0.15 3060 snap03060.h5
#snapshot: 13.5 0 8 22.5 0.05 28.1 0.15 0.05 0.15 3070 snap03070.h5
#snapshot: 13.5 0 8 22.5 0.05 28.1 0.15 0.05 0.15 3080 snap03080.h5
#snapshot: 13.5 0 8 22.5 0.05 28.1 0.15 0.05 0.15 3090 snap03090.h5
#snapshot: 13.5 0 8 22.5 0.05 28.1 0.15 0.05 0.15 3100 snap03100.h5
#snapshot: 13.5 0 8 22.5 0.05 28.1 0.15 0.05 0.15 3110 snap03110.h5
#snapshot: 13.5 0 8 22.5 0.05 28.1 0.15 0.05 0.15 3120 snap03120.h5
#snapshot: 13.5 0 8 22.5 0.05 28.1 0.15 0.05 0.15 3130 snap03130.h5
#snapshot: 13.5 0 8 22.5 0.05 28.1 0.15 0.05 0.15 3140 snap03140.h5
#snapshot: 13.5 0 8 22.5 0.05 28.1 0.15 0.05 0.15 3150 snap03150.h5
#snapshot: 13.5 0 8 22.5 0.05 28.1 0.15 0.05 0.15 3160 snap03160.h5
#snapshot: 13.5 0 8 22.5 0.05 28.1 0.15 0.05 0.15 3170 snap03170.h5
#snapshot: 13.5 0 8 22.5 0.05 28.1 0.15 0.05 0.15 3180 snap03180.h5
#snapshot: 13.5 0 8 22.5 0.05 28.1 0.15 0.05 0.15 3190 snap03190.h5
#snapshot: 13.5 0 8 22.5 0.05 28.1 0.15 0.05 0.15 3200 snap03200.h5
#snapshot: 13.5 0 8 22.5 0.05 28.1 0.15 0.05 0.15 3210 snap03210.h5
#snapshot: 13.5 0 8 22.5 0.05 28.1 0.15 0.05 0.15 3220 snap03220.h5
#snapshot: 13.5 0 8 22.5 0.05 28.1 0.15 0.05 0.15 3230 snap03230.h5
#snapshot: 13.5 0 8 22.5 0.05 28.1 0.15 0.05 0.15 3240 snap03240.h5
#snapshot: 13.5 0 8 22.5 0.05 28.1 0.15 0.05 0.15 3250 snap03250.h5
#snapshot: 13.5 0 8 22.5 0.05 28.1 0.15 0.05 0.15 3260 snap03260.h5
#snapshot: 13.5 0 8 22.5 0.05 28.1 0.15 0.05 0.15 3270 snap03270.h5
#snapshot: 13.5 0 8 22.5 0.05 28.1 0.15 0.05 0.15 3280 snap03280.h5
#snapshot: 13.5 0 8 22.5 0.05 28.1 0.15 0.05 0.15 3290 snap03290.h5
#snapshot: 13.5 0 8 22.5 0.05 28.1 0.15 0.05 0.15 3300 snap03300.h5
#snapshot: 13.5 0 8 22.5 0.05 28.1 0.15 0.05 0.15 3310 snap03310.h5
#snapshot: 13.5 0 8 22.5 0.05 28.1 0.15 0.05 0.15 3320 snap03320.h5
#snapshot: 13.5 0 8 22.5 0.05 28.1 0.15 0.05 0.15 3330 snap03330.h5
#snapshot: 13.5 0 8 22.5 0.05 28.1 0.15 0.05 0.15 3340 snap03340.h5
#snapshot: 13.5 0 8 22.5 0.05 28.1 0.15 0.05 0.15 3350 snap03350.h5
#snapshot: 13.5 0 8 22.5 0.05 28.1 0.15 0.05 0.15 3360 snap03360.h5
#snapshot: 13.5 0 8 22.5 0.05 28.1 0.15 0.05 0.15 3370 snap03370.h5
#snapshot: 13.5 0 8 22.5 0.05 28.1 0.15 0.05 0.15 3380 snap03380.h5
#snapshot: 13.5 0 8 22.5 0.05 28.1 0.15 0.05 0.15 3390 snap03390.h5
#snapshot: 13.5 0 8 22.5 0.05 28.1 0.15 0.05 0.15 3400 snap03400.h5
#snapshot: 13.5 0 8 22.5 0.05 28.1 0.15 0.05 0.15 3410 snap03410.h5
#snapshot: 13.5 0 8 22.5 0.05 28.1 0.15 0.05 0.15 3420 snap03420.h5
#snapshot: 13.5 0 8 22.5 0.05 28.1 0.15 0.05 0.15 3430 snap03430.h5
#snapshot: 13.5 0 8 22.5 0.05 28.1 0.15 0.05 0.15 3440 snap03440.h5
#snapshot: 13.5 0 8 22.5 0.05 28.1 0.15 0.05 0.15 3450 snap03450.h5
#snapshot: 13.5 0 8 22.5 0.05 28.1 0.15 0.05 0.15 3460 snap03460.h5
#snapshot: 13.5 0 8 22.5 0.05 28.1 0.15 0.05 0.15 3470 snap03470.h5
#snapshot: 13.5 0 8 22.5 0.05 28.1 0.15 0.05 0.15 3480 snap03480.h5
#snapshot: 13.5 0 8 22.5 0.05 28.1 0.15 0.05 0.15 3490 snap03490.h5
#snapshot: 13.5 0 8 22.5 0.05 28.1 0.15 0.05 0.15 3500 snap03500.h5
#snapshot: 13.5 0 8 22.5 0.05 28.1 0.15 0.05 0.15 3510 snap03510.h5
#snapshot: 13.5 0 8 22.5 0.05 28.1 0.15 0.05 0.15 3520 snap03520.h5
#snapshot: 13.5 0 8 22.5 0.05 28.1 0.15 0.05 0.15 3530 snap03530.h5
#snapshot: 13.5 0 8 22.5 0.05 28.1 0.15 0.05 0.15 3540 snap03540.h5
#snapshot: 13.5 0 8 22.5 0.05 28.1 0.15 0.05 0.15 3550 snap03550.h5
#snapshot: 13.5 0 8 22.5 0.05 28.1 0.15 0.05 0.15 3560 snap03560.h5
#snapshot: 13.5 0 8 22.5 0.05 28.1 0.15 0.05 0.15 3570 snap03570.h5
#snapshot: 13.5 0 8 22.5 0.05 28.1 0.15 0.05 0.15 3580 snap03580.h5
#snapshot: 13.5 0 8 22.5 0.05 28.1 0.15 0.05 0.15 3590 snap03590.h5
#snapshot: 13.5 0 8 22.5 0.05 28.1 0.15 0.05 0.15 3600 snap03600.h5
#snapshot: 13.5 0 8 22.5 0.05 28.1 0.15 0.05 0.15 3610 snap03610.h5
#snapshot: 13.5 0 8 22.5 0.05 28.1 0.15 0.05 0.15 3620 snap03620.h5
#snapshot: 13.5 0 8 22.5 0.05 28.1 0.15 0.05 0.15 3630 snap03630.h5
#snapshot: 13.5 0 8 22.5 0.05 28.1 0.15 0.05 0.15 3640 snap03640.h5
#snapshot: 13.5 0 8 22.5 0.05 28.1 0.15 0.05 0.15 3650 snap03650.h5
#snapshot: 13.5 0 8 22.5 0.05 28.1 0.15 0.05 0.15 3660 snap03660.h5
#snapshot: 13.5 0 8 22.5 0.05 28.1 0.15 0.05 0.15 3670 snap03670.h5
#snapshot: 13.5 0 8 22.5 0.05 28.1 0.15 0.05 0.15 3680 snap03680.h5
#snapshot: 13.5 0 8 22.5 0.05 28.1 0.15 0.05 0.15 3690 snap03690.h5
#snapshot: 13.5 0 8 22.5 0.05 28.1 0.15 0.05 0.15 3700 snap03700.h5
#snapshot: 13.5 0 8 22.5 0.05 28.1 0.15 0.05 0.15 3710 snap03710.h5
#snapshot: 13.5 0 8 22.5 0.05 28.1 0.15 0.05 0.15 3720 snap03720.h5
#snapshot: 13.5 0 8 22.5 0.05 28.1 0.15 0.05 0.15 3730 snap03730.h5
#snapshot: 13.5 0 8 22.5 0.05 28.1 0.15 0.05 0.15 3740 snap03740.h5
#snapshot: 13.5 0 8 22.5 0.05 28.1 0.15 0.05 0.15 3750 snap03750.h5
#snapshot: 13.5 0 8 22.5 0.05 28.1 0.15 0.05 0.15 3760 snap03760.h5
#snapshot: 13.5 0 8 22.5 0.05 28.1 0.15 0.05 0.15 3770 snap03770.h5
#snapshot: 13.5 0 8 22.5 0.05 28.1 0.15 0.05 0.15 3780 snap03780.h5
#snapshot: 13.5 0 8 22.5 0.05 28.1 0.15 0.05 0.15 3790 snap03790.h5
#snapshot: 13.5 0 8 22.5 0.05 28.1 0.15 0.05 0.15 3800 snap03800.h5
#snapshot: 13.5 0 8 22.5 0.05 28.1 0.15 0.05 0.15 3810 snap03810.h5
#snapshot: 13.5 0 8 22.5 0.05 28.1 0.15 0.05 0.15 3820 snap03820.h5
#snapshot: 13.5 0 8 22.5 0.05 28.1 0.15 0.05 0.15 3830 snap03830.h5
#snapshot: 13.5 0 8 22.5 0.05 28.1 0.15 0.05 0.15 3840 snap03840.h5
#snapshot: 13.5 0 8 22.5 0.05 28.1 0.15 0.05 0.15 3850 snap03850.h5
#snapshot: 13.5 0 8 22.5 0.05 28.1 0.15 0.05 0.15 3860 snap03860.h5
#snapshot: 13.5 0 8 22.5 0.05 28.1 0.15 0.05 0.15 3870 snap03870.h5
#snapshot: 13.5 0 8 22.5 0.05 28.1 0.15 0.05 0.15 3880 snap03880.h5
#snapshot: 13.5 0 8 22.5 0.05 28.1 0.15 0.05 0.15 3890 snap03890.h5
#snapshot: 13.5 0 8 22.5 0.05 28.1 0.15 0.05 0.15 3900 snap03900.h5
#snapshot: 13.5 0 8 22.5 0.05 28.1 0.15 0.05 0.15 3910 snap03910.h5
#snapshot: 13.5 0 8 22.5 0.05 28.1 0.15 0.05 0.15 3920 snap03920.h5
#snapshot: 13.5 0 8 22.5 0.05 28.1 0.15 0.05 0.15 3930 snap03930.h5
#snapshot: 13.5 0 8 22.5 0.05 28.1 0.15 0.05 0.15 3940 snap03940.h5
#snapshot: 13.5 0 8 22.5 0.05 28.1 0.15 0.05 0.15 3950 snap03950.h5
#snapshot: 13.5 0 8 22.5 0.05 28.1 0.15 0.05 0.15 3960 snap03960.h5
#snapshot: 13.5 0 8 22.5 0.05 28.1 0.15 0.05 0.15 3970 snap03970.h5
#snapshot: 13.5 0 8 22.5 0.05 28.1 0.15 0.05 0.15 3980 snap03980.h5
#snapshot: 13.5 0 8 22.5 0.05 28.1 0.15 0.05 0.15 3990 snap03990.h5
#snapshot: 13.5 0 8 22.5 0.05 28.1 0.15 0.05 0.15 4000 snap04000.h5
#snapshot: 13.5 0 8 22.5 0.05 28.1 0.15 0.05 0.15 4010 snap04010.h5
#snapshot: 13.5 0 8 22.5 0.05 28.1 0.15 0.05 0.15 4020 snap04020.h5
#snapshot: 13.5 0 8 22.5 0.05 28.1 0.15 0.05 0.15 4030 snap04030.h5
#snapshot: 13.5 0 8 22.5 0.05 28.1 0.15 0.05 0.15 4040 snap04040.h5
#snapshot: 13.5 0 8 22.5 0.05 28.1 0.15 0.05 0.15 4050 snap04050.h5
#snapshot: 13.5 0 8 22.5 0.05 28.1 0.15 0.05 0.15 4060 snap04060.h5
#snapshot: 13.5 0 8 22.5 0.05 28.1 0.15 0.05 0.15 4070 snap04070.h5
#snapshot: 13.5 0 8 22.5 0.05 28.1 0.15 0.05 0.15 4080 snap04080.h5
#snapshot: 13.5 0 8 22.5 0.05 28.1 0.15 0.05 0.15 4090 snap04090.h5
#snapshot: 13.5 0 8 22.5 0.05 28.1 0.15 0.05 0.15 4100 snap04100.h5
#snapshot: 13.5 0 8 22.5 0.05 28.1 0.15 0.05 0.15 4110 snap04110.h5
#snapshot: 13.5 0 8 22.5 0.05 28.1 0.15 0.05 0.15 4120 snap04120.h5
#snapshot: 13.5 0 8 22.5 0.05 28.1 0.15 0.05 0.15 4130 snap04130.h5
#snapshot: 13.5 0 8 22.5 0.05 28.1 0.15 0.05 0.15 4140 snap04140.h5
#snapshot: 13.5 0 8 22.5 0.05 28.1 0.15 0.05 0.15 4150 snap04150.h5
#snapshot: 13.5 0 8 22.5 0.05 28.1 0.15 0.05 0.15 4160 snap04160.h5
#snapshot: 13.5 0 8 22.5 0.05 28.1 0.15 0.05 0.15 4170 snap04170.h5
#snapshot: 13.5 0 8 22.5 0.05 28.1 0.15 0.05 0.15 4180 snap04180.h5
#snapshot: 13.5 0 8 22.5 0.05 28.1 0.15 0.05 0.15 4190 snap04190.h5
#snapshot: 13.5 0 8 22.5 0.05 28.1 0.15 0.05 0.15 4200 snap04200.h5
#snapshot: 13.5 0 8 22.5 0.05 28.1 0.15 0.05 0.15 4210 snap04210.h5
#snapshot: 13.5 0 8 22.5 0.05 28.1 0.15 0.05 0.15 4220 snap04220.h5
#snapshot: 13.5 0 8 22.5 0.05 28.1 0.15 0.05 0.15 4230 snap04230.h5
#snapshot: 13.5 0 8 22.5 0.05 28.1 0.15 0.05 0.15 4240 snap04240.h5
#snapshot: 13.5 0 8 22.5 0.05 28.1 0.15 0.05 0.15 4250 snap04250.h5
#snapshot: 13.5 0 8 22.5 0.05 28.1 0.15 0.05 0.15 4260 snap04260.h5
#snapshot: 13.5 0 8 22.5 0.05 28.1 0.15 0.05 0.15 4270 snap04270.h5
#snapshot: 13.5 0 8 22.5 0.05 28.1 0.15 0.05 0.15 4280 snap04280.h5
#snapshot: 13.5 0 8 22.5 0.05 28.1 0.15 0.05 0.15 4290 snap04290.h5
#snapshot: 13.5 0 8 22.5 0.05 28.1 0.15 0.05 0.15 4300 snap04300.h5
#snapshot: 13.5 0 8 22.5 0.05 28.1 0.15 0.05 0.15 4310 snap04310.h5
#snapshot: 13.5 0 8 22.5 0.05 28.1 0.15 0.05 0.15 4320 snap04320.h5
#snapshot: 13.5 0 8 22.5 0.05 28.1 0.15 0.05 0.15 4330 snap04330.h5
#snapshot: 13.5 0 8 22.5 0.05 28.1 0.15 0.05 0.15 4340 snap04340.h5
#snapshot: 13.5 0 8 22.5 0.05 28.1 0.15 0.05 0.15 4350 snap04350.h5
#snapshot: 13.5 0 8 22.5 0.05 28.1 0.15 0.05 0.15 4360 snap04360.h5
#snapshot: 13.5 0 8 22.5 0.05 28.1 0.15 0.05 0.15 4370 snap04370.h5
#snapshot: 13.5 0 8 22.5 0.05 28.1 0.15 0.05 0.15 4380 snap04380.h5
#snapshot: 13.5 0 8 22.5 0.05 28.1 0.15 0.05 0.15 4390 snap04390.h5
#snapshot: 13.5 0 8 22.5 0.05 28.1 0.15 0.05 0.15 4400 snap04400.h5
#snapshot: 13.5 0 8 22.5 0.05 28.1 0.15 0.05 0.15 4410 snap04410.h5
#snapshot: 13.5 0 8 22.5 0.05 28.1 0.15 0.05 0.15 4420 snap04420.h5
#snapshot: 13.5 0 8 22.5 0.05 28.1 0.15 0.05 0.15 4430 snap04430.h5
#snapshot: 13.5 0 8 22.5 0.05 28.1 0.15 0.05 0.15 4440 snap04440.h5
#snapshot: 13.5 0 8 22.5 0.05 28.1 0.15 0.05 0.15 4450 snap04450.h5
#snapshot: 13.5 0 8 22.5 0.05 28.1 0.15 0.05 0.15 4460 snap04460.h5
#snapshot: 13.5 0 8 22.5 0.05 28.1 0.15 0.05 0.15 4470 snap04470.h5
#snapshot: 13.5 0 8 22.5 0.05 28.1 0.15 0.05 0.15 4480 snap04480.h5
#snapshot: 13.5 0 8 22.5 0.05 28.1 0.15 0.05 0.15 4490 snap04490.h5
#snapshot: 13.5 0 8 22.5 0.05 28.1 0.15 0.05 0.15 4500 snap04500.h5
#snapshot: 13.5 0 8 22.5 0.05 28.1 0.15 0.05 0.15 4510 snap04510.h5
#snapshot: 13.5 0 8 22.5 0.05 28.1 0.15 0.05 0.15 4520 snap04520.h5
#snapshot: 13.5 0 8 22.5 0.05 28.1 0.15 0.05 0.15 4530 snap04530.h5
#snapshot: 13.5 0 8 22.5 0.05 28.1 0.15 0.05 0.15 4540 snap04540.h5
#snapshot: 13.5 0 8 22.5 0.05 28.1 0.15 0.05 0.15 4550 snap04550.h5
#snapshot: 13.5 0 8 22.5 0.05 28.1 0.15 0.05 0.15 4560 snap04560.h5
#snapshot: 13.5 0 8 22.5 0.05 28.1 0.15 0.05 0.15 4570 snap04570.h5
#snapshot: 13.5 0 8 22.5 0.05 28.1 0.15 0.05 0.15 4580 snap04580.h5
#snapshot: 13.5 0 8 22.5 0.05 28.1 0.15 0.05 0.15 4590 snap04590.h5
#snapshot: 13.5 0 8 22.5 0.05 28.1 0.15 0.05 0.15 4600 snap04600.h5
#snapshot: 13.5 0 8 22.5 0.05 28.1 0.15 0.05 0.15 4610 snap04610.h5
#snapshot: 13.5 0 8 22.5 0.05 28.1 0.15 0.05 0.15 4620 snap04620.h5
#snapshot: 13.5 0 8 22.5 0.05 28.1 0.15 0.05 0.15 4630 snap04630.h5
#snapshot: 13.5 0 8 22.5 0.05 28.1 0.15 0.05 0.15 4640 snap04640.h5
#snapshot: 13.5 0 8 22.5 0.05 28.1 0.15 0.05 0.15 4650 snap04650.h5
#snapshot: 13.5 0 8 22.5 0.05 28.1 0.15 0.05 0.15 4660 snap04660.h5
#snapshot: 13.5 0 8 22.5 0.05 28.1 0.15 0.05 0.15 4670 snap04670.h5
#snapshot: 13.5 0 8 22.5 0.05 28.1 0.15 0.05 0.15 4680 snap04680.h5
#snapshot: 13.5 0 8 22.5 0.05 28.1 0.15 0.05 0.15 4690 snap04690.h5
#snapshot: 13.5 0 8 22.5 0.05 28.1 0.15 0.05 0.15 4700 snap04700.h5
#snapshot: 13.5 0 8 22.5 0.05 28.1 0.15 0.05 0.15 4710 snap04710.h5
#snapshot: 13.5 0 8 22.5 0.05 28.1 0.15 0.05 0.15 4720 snap04720.h5
#snapshot: 13.5 0 8 22.5 0.05 28.1 0.15 0.05 0.15 4730 snap04730.h5
#snapshot: 13.5 0 8 22.5 0.05 28.1 0.15 0.05 0.15 4740 snap04740.h5
#snapshot: 13.5 0 8 22.5 0.05 28.1 0.15 0.05 0.15 4750 snap04750.h5
#snapshot: 13.5 0 8 22.5 0.05 28.1 0.15 0.05 0.15 4760 snap04760.h5
#snapshot: 13.5 0 8 22.5 0.05 28.1 0.15 0.05 0.15 4770 snap04770.h5
#snapshot: 13.5 0 8 22.5 0.05 28.1 0.15 0.05 0.15 4780 snap04780.h5
#snapshot: 13.5 0 8 22.5 0.05 28.1 0.15 0.05 0.15 4790 snap04790.h5
#snapshot: 13.5 0 8 22.5 0.05 28.1 0.15 0.05 0.15 4800 snap04800.h5
#snapshot: 13.5 0 8 22.5 0.05 28.1 0.15 0.05 0.15 4810 snap04810.h5
#snapshot: 13.5 0 8 22.5 0.05 28.1 0.15 0.05 0.15 4820 snap04820.h5
#snapshot: 13.5 0 8 22.5 0.05 28.1 0.15 0.05 0.15 4830 snap04830.h5
#snapshot: 13.5 0 8 22.5 0.05 28.1 0.15 0.05 0.15 4840 snap04840.h5
#snapshot: 13.5 0 8 22.5 0.05 28.1 0.15 0.05 0.15 4850 snap04850.h5
#snapshot: 13.5 0 8 22.5 0.05 28.1 0.15 0.05 0.15 4860 snap04860.h5
#snapshot: 13.5 0 8 22.5 0.05 28.1 0.15 0.05 0.15 4870 snap04870.h5
#snapshot: 13.5 0 8 22.5 0.05 28.1 0.15 0.05 0.15 4880 snap04880.h5
#snapshot: 13.5 0 8 22.5 0.05 28.1 0.15 0.05 0.15 4890 snap04890.h5
#snapshot: 13.5 0 8 22.5 0.05 28.1 0.15 0.05 0.15 4900 snap04900.h5
#snapshot: 13.5 0 8 22.5 0.05 28.1 0.15 0.05 0.15 4910 snap04910.h5
#snapshot: 13.5 0 8 22.5 0.05 28.1 0.15 0.05 0.15 4920 snap04920.h5
#snapshot: 13.5 0 8 22.5 0.05 28.1 0.15 0.05 0.15 4930 snap04930.h5
#snapshot: 13.5 0 8 22.5 0.05 28.1 0.15 0.05 0.15 4940 snap04940.h5
#snapshot: 13.5 0 8 22.5 0.05 28.1 0.15 0.05 0.15 4950 snap04950.h5
#snapshot: 13.5 0 8 22.5 0.05 28.1 0.15 0.05 0.15 4960 snap04960.h5
#snapshot: 13.5 0 8 22.5 0.05 28.1 0.15 0.05 0.15 4970 snap04970.h5
#snapshot: 13.5 0 8 22.5 0.05 28.1 0.15 0.05 0.15 4980 snap04980.h5
#snapshot: 13.5 0 8 22.5 0.05 28.1 0.15 0.05 0.15 4990 snap04990.h5
#snapshot: 13.5 0 8 22.5 0.05 28.1 0.15 0.05 0.15 5000 snap05000.h5
#snapshot: 13.5 0 8 22.5 0.05 28.1 0.15 0.05 0.15 5010 snap05010.h5
#snapshot: 13.5 0 8 22.5 0.05 28.1 0.15 0.05 0.15 5020 snap05020.h5
#snapshot: 13.5 0 8 22.5 0.05 28.1 0.15 0.05 0.15 5030 snap05030.h5
#snapshot: 13.5 0 8 22.5 0.05 28.1 0.15 0.05 0.15 5040 snap05040.h5
#snapshot: 13.5 0 8 22.5 0.05 28.1 0.15 0.05 0.15 5050 snap05050.h5
#snapshot: 13.5 0 8 22.5 0.05 28.1 0.15 0.05 0.15 5060 snap05060.h5
#snapshot: 13.5 0 8 22.5 0.05 28.1 0.15 0.05 0.15 5070 snap05070.h5
#snapshot: 13.5 0 8 22.5 0.05 28.1 0.15 0.05 0.15 5080 snap05080.h5
#snapshot: 13.5 0 8 22.5 0.05 28.1 0.15 0.05 0.15 5090 snap05090.h5
#snapshot: 13.5 0 8 22.5 0.05 28.1 0.15 0.05 0.15 5100 snap05100.h5
#snapshot: 13.5 0 8 22.5 0.05 28.1 0.15 0.05 0.15 5110 snap05110.h5
#snapshot: 13.5 0 8 22.5 0.05 28.1 0.15 0.05 0.15 5120 snap05120.h5
#snapshot: 13.5 0 8 22.5 0.05 28.1 0.15 0.05 0.15 5130 snap05130.h5
#snapshot: 13.5 0 8 22.5 0.05 28.1 0.15 0.05 0.15 5140 snap05140.h5
#snapshot: 13.5 0 8 22.5 0.05 28.1 0.15 0.05 0.15 5150 snap05150.h5
#snapshot: 13.5 0 8 22.5 0.05 28.1 0.15 0.05 0.15 5160 snap05160.h5
#snapshot: 13.5 0 8 22.5 0.05 28.1 0.15 0.05 0.15 5170 snap05170.h5
#snapshot: 13.5 0 8 22.5 0.05 28.1 0.15 0.05 0.15 5180 snap05180.h5
#snapshot: 13.5 0 8 22.5 0.05 28.1 0.15 0.05 0.15 5190 snap05190.h5
#snapshot: 13.5 0 8 22.5 0.05 28.1 0.15 0.05 0.15 5200 snap05200.h5
#snapshot: 13.5 0 8 22.5 0.05 28.1 0.15 0.05 0.15 5210 snap05210.h5
#snapshot: 13.5 0 8 22.5 0.05 28.1 0.15 0.05 0.15 5220 snap05220.h5
#snapshot: 13.5 0 8 22.5 0.05 28.1 0.15 0.05 0.15 5230 snap05230.h5
#snapshot: 13.5 0 8 22.5 0.05 28.1 0.15 0.05 0.15 5240 snap05240.h5
#snapshot: 13.5 0 8 22.5 0.05 28.1 0.15 0.05 0.15 5250 snap05250.h5
#snapshot: 13.5 0 8 22.5 0.05 28.1 0.15 0.05 0.15 5260 snap05260.h5
#snapshot: 13.5 0 8 22.5 0.05 28.1 0.15 0.05 0.15 5270 snap05270.h5
#snapshot: 13.5 0 8 22.5 0.05 28.1 0.15 0.05 0.15 5280 snap05280.h5
#snapshot: 13.5 0 8 22.5 0.05 28.1 0.15 0.05 0.15 5290 snap05290.h5
#snapshot: 13.5 0 8 22.5 0.05 28.1 0.15 0.05 0.15 5300 snap05300.h5
#snapshot: 13.5 0 8 22.5 0.05 28.1 0.15 0.05 0.15 5310 snap05310.h5
#snapshot: 13.5 0 8 22.5 0.05 28.1 0.15 0.05 0.15 5320 snap05320.h5
#snapshot: 13.5 0 8 22.5 0.05 28.1 0.15 0.05 0.15 5330 snap05330.h5
#snapshot: 13.5 0 8 22.5 0.05 28.1 0.15 0.05 0.15 5340 snap05340.h5
#snapshot: 13.5 0 8 22.5 0.05 28.1 0.15 0.05 0.15 5350 snap05350.h5
#snapshot: 13.5 0 8 22.5 0.05 28.1 0.15 0.05 0.15 5360 snap05360.h5
#snapshot: 13.5 0 8 22.5 0.05 28.1 0.15 0.05 0.15 5370 snap05370.h5
#snapshot: 13.5 0 8 22.5 0.05 28.1 0.15 0.05 0.15 5380 snap05380.h5
#snapshot: 13.5 0 8 22.5 0.05 28.1 0.15 0.05 0.15 5390 snap05390.h5
#snapshot: 13.5 0 8 22.5 0.05 28.1 0.15 0.05 0.15 5400 snap05400.h5
#snapshot: 13.5 0 8 22.5 0.05 28.1 0.15 0.05 0.15 5410 snap05410.h5
#snapshot: 13.5 0 8 22.5 0.05 28.1 0.15 0.05 0.15 5420 snap05420.h5
#snapshot: 13.5 0 8 22.5 0.05 28.1 0.15 0.05 0.15 5430 snap05430.h5
#snapshot: 13.5 0 8 22.5 0.05 28.1 0.15 0.05 0.15 5440 snap05440.h5
#snapshot: 13.5 0 8 22.5 0.05 28.1 0.15 0.05 0.15 5450 snap05450.h5
#snapshot: 13.5 0 8 22.5 0.05 28.1 0.15 0.05 0.15 5460 snap05460.h5
#snapshot: 13.5 0 8 22.5 0.05 28.1 0.15 0.05 0.15 5470 snap05470.h5
#snapshot: 13.5 0 8 22.5 0.05 28.1 0.15 0.05 0.15 5480 snap05480.h5
#snapshot: 13.5 0 8 22.5 0.05 28.1 0.15 0.05 0.15 5490 snap05490.h5
#snapshot: 13.5 0 8 22.5 0.05 28.1 0.15 0.05 0.15 5500 snap05500.h5
#snapshot: 13.5 0 8 22.5 0.05 28.1 0.15 0.05 0.15 5510 snap05510.h5
#snapshot: 13.5 0 8 22.5 0.05 28.1 0.15 0.05 0.15 5520 snap05520.h5
#snapshot: 13.5 0 8 22.5 0.05 28.1 0.15 0.05 0.15 5530 snap05530.h5
#snapshot: 13.5 0 8 22.5 0.05 28.1 0.15 0.05 0.15 5540 snap05540.h5
#snapshot: 13.5 0 8 22.5 0.05 28.1 0.15 0.05 0.15 5550 snap05550.h5
#snapshot: 13.5 0 8 22.5 0.05 28.1 0.15 0.05 0.15 5560 snap05560.h5
#snapshot: 13.5 0 8 22.5 0.05 28.1 0.15 0.05 0.15 5570 snap05570.h5
#snapshot: 13.5 0 8 22.5 0.05 28.1 0.15 0.05 0.15 5580 snap05580.h5
#snapshot: 13.5 0 8 22.5 0.05 28.1 0.15 0.05 0.15 5590 snap05590.h5
#snapshot: 13.5 0 8 22.5 0.05 28.1 0.15 0.05 0.15 5600 snap05600.h5
#snapshot: 13.5 0 8 22.5 0.05 28.1 0.15 0.05 0.15 5610 snap05610.h5
#snapshot: 13.5 0 8 22.5 0.05 28.1 0.15 0.05 0.15 5620 snap05620.h5
#snapshot: 13.5 0 8 22.5 0.05 28.1 0.15 0.05 0.15 5630 snap05630.h5
#snapshot: 13.5 0 8 22.5 0.05 28.1 0.15 0.05 0.15 5640 snap05640.h5
#snapshot: 13.5 0 8 22.5 0.05 28.1 0.15 0.05 0.15 5650 snap05650.h5
#snapshot: 13.5 0 8 22.5 0.05 28.1 0.15 0.05 0.15 5660 snap05660.h5
#snapshot: 13.5 0 8 22.5 0.05 28.1 0.15 0.05 0.15 5670 snap05670.h5
#snapshot: 13.5 0 8 22.5 0.05 28.1 0.15 0.05 0.15 5680 snap05680.h5
#snapshot: 13.5 0 8 22.5 0.05 28.1 0.15 0.05 0.15 5690 snap05690.h5
#snapshot: 13.5 0 8 22.5 0.05 28.1 0.15 0.05 0.15 5700 snap05700.h5
#snapshot: 13.5 0 8 22.5 0.05 28.1 0.15 0.05 0.15 5710 snap05710.h5
#snapshot: 13.5 0 8 22.5 0.05 28.1 0.15 0.05 0.15 5720 snap05720.h5
#snapshot: 13.5 0 8 22.5 0.05 28.1 0.15 0.05 0.15 5730 snap05730.h5
#snapshot: 13.5 0 8 22.5 0.05 28.1 0.15 0.05 0.15 5740 snap05740.h5
#snapshot: 13.5 0 8 22.5 0.05 28.1 0.15 0.05 0.15 5750 snap05750.h5
#snapshot: 13.5 0 8 22.5 0.05 28.1 0.15 0.05 0.15 5760 snap05760.h5
#snapshot: 13.5 0 8 22.5 0.05 28.1 0.15 0.05 0.15 5770 snap05770.h5
#snapshot: 13.5 0 8 22.5 0.05 28.1 0.15 0.05 0.15 5780 snap05780.h5
#snapshot: 13.5 0 8 22.5 0.05 28.1 0.15 0.05 0.15 5790 snap05790.h5
#snapshot: 13.5 0 8 22.5 0.05 28.1 0.15 0.05 0.15 5800 snap05800.h5
#snapshot: 13.5 0 8 22.5 0.05 28.1 0.15 0.05 0.15 5810 snap05810.h5
#snapshot: 13.5 0 8 22.5 0.05 28.1 0.15 0.05 0.15 5820 snap05820.h5
#snapshot: 13.5 0 8 22.5 0.05 28.1 0.15 0.05 0.15 5830 snap05830.h5
#snapshot: 13.5 0 8 22.5 0.05 28.1 0.15 0.05 0.15 5840 snap05840.h5
#snapshot: 13.5 0 8 22.5 0.05 28.1 0.15 0.05 0.15 5850 snap05850.h5
#snapshot: 13.5 0 8 22.5 0.05 28.1 0.15 0.05 0.15 5860 snap05860.h5
#snapshot: 13.5 0 8 22.5 0.05 28.1 0.15 0.05 0.15 5870 snap05870.h5
#snapshot: 13.5 0 8 22.5 0.05 28.1 0.15 0.05 0.15 5880 snap05880.h5
#snapshot: 13.5 0 8 22.5 0.05 28.1 0.15 0.05 0.15 5890 snap05890.h5
#snapshot: 13.5 0 8 22.5 0.05 28.1 0.15 0.05 0.15 5900 snap05900.h5
#snapshot: 13.5 0 8 22.5 0.05 28.1 0.15 0.05 0.15 5910 snap05910.h5
#snapshot: 13.5 0 8 22.5 0.05 28.1 0.15 0.05 0.15 5920 snap05920.h5
#snapshot: 13.5 0 8 22.5 0.05 28.1 0.15 0.05 0.15 5930 snap05930.h5
#snapshot: 13.5 0 8 22.5 0.05 28.1 0.15 0.05 0.15 5940 snap05940.h5
#snapshot: 13.5 0 8 22.5 0.05 28.1 0.15 0.05 0.15 5950 snap05950.h5
#snapshot: 13.5 0 8 22.5 0.05 28.1 0.15 0.05 0.15 5960 snap05960.h5
#snapshot: 13.5 0 8 22.5 0.05 28.1 0.15 0.05 0.15 5970 snap05970.h5
#snapshot: 13.5 0 8 22.5 0.05 28.1 0.15 0.05 0.15 5980 snap05980.h5
#snapshot: 13.5 0 8 22.5 0.05 28.1 0.15 0.05 0.15 5990 snap05990.h5
#snapshot: 13.5 0 8 22.5 0.05 28.1 0.15 0.05 0.15 6000 snap06000.h5
#snapshot: 13.5 0 8 22.5 0.05 28.1 0.15 0.05 0.15 6010 snap06010.h5
#snapshot: 13.5 0 8 22.5 0.05 28.1 0.15 0.05 0.15 6020 snap06020.h5
#snapshot: 13.5 0 8 22.5 0.05 28.1 0.15 0.05 0.15 6030 snap06030.h5
#snapshot: 13.5 0 8 22.5 0.05 28.1 0.15 0.05 0.15 6040 snap06040.h5
#snapshot: 13.5 0 8 22.5 0.05 28.1 0.15 0.05 0.15 6050 snap06050.h5
#snapshot: 13.5 0 8 22.5 0.05 28.1 0.15 0.05 0.15 6060 snap06060.h5
#snapshot: 13.5 0 8 22.5 0.05 28.1 0.15 0.05 0.15 6070 snap06070.h5
#snapshot: 13.5 0 8 22.5 0.05 28.1 0.15 0.05 0.15 6080 snap06080.h5
#snapshot: 13.5 0 8 22.5 0.05 28.1 0.15 0.05 0.15 6090 snap06090.h5
#snapshot: 13.5 0 8 22.5 0.05 28.1 0.15 0.05 0.15 6100 snap06100.h5
#snapshot: 13.5 0 8 22.5 0.05 28.1 0.15 0.05 0.15 6110 snap06110.h5
#snapshot: 13.5 0 8 22.5 0.05 28.1 0.15 0.05 0.15 6120 snap06120.h5
#snapshot: 13.5 0 8 22.5 0.05 28.1 0.15 0.05 0.15 6130 snap06130.h5
#snapshot: 13.5 0 8 22.5 0.05 28.1 0.15 0.05 0.15 6140 snap06140.h5
#snapshot: 13.5 0 8 22.5 0.05 28.1 0.15 0.05 0.15 6150 snap06150.h5
#snapshot: 13.5 0 8 22.5 0.05 28.1 0.15 0.05 0.15 6160 snap06160.h5
#snapshot: 13.5 0 8 22.5 0.05 28.1 0.15 0.05 0.15 6170 snap06170.h5
#snapshot: 13.5 0 8 22.5 0.05 28.1 0.15 0.05 0.15 6180 snap06180.h5
#snapshot: 13.5 0 8 22.5 0.05 28.1 0.15 0.05 0.15 6190 snap06190.h5
#snapshot: 13.5 0 8 22.5 0.05 28.1 0.15 0.05 0.15 6200 snap06200.h5
#snapshot: 13.5 0 8 22.5 0.05 28.1 0.15 0.05 0.15 6210 snap06210.h5
#snapshot: 13.5 0 8 22.5 0.05 28.1 0.15 0.05 0.15 6220 snap06220.h5
#snapshot: 13.5 0 8 22.5 0.05 28.1 0.15 0.05 0.15 6230 snap06230.h5
#snapshot: 13.5 0 8 22.5 0.05 28.1 0.15 0.05 0.15 6240 snap06240.h5
#snapshot: 13.5 0 8 22.5 0.05 28.1 0.15 0.05 0.15 6250 snap06250.h5
#snapshot: 13.5 0 8 22.5 0.05 28.1 0.15 0.05 0.15 6260 snap06260.h5
#snapshot: 13.5 0 8 22.5 0.05 28.1 0.15 0.05 0.15 6270 snap06270.h5
#snapshot: 13.5 0 8 22.5 0.05 28.1 0.15 0.05 0.15 6280 snap06280.h5
#snapshot: 13.5 0 8 22.5 0.05 28.1 0.15 0.05 0.15 6290 snap06290.h5
#snapshot: 13.5 0 8 22.5 0.05 28.1 0.15 0.05 0.15 6300 snap06300.h5
#snapshot: 13.5 0 8 22.5 0.05 28.1 0.15 0.05 0.15 6310 snap06310.h5
#snapshot: 13.5 0 8 22.5 0.05 28.1 0.15 0.05 0.15 6320 snap06320.h5
#snapshot: 13.5 0 8 22.5 0.05 28.1 0.15 0.05 0.15 6330 snap06330.h5
#snapshot: 13.5 0 8 22.5 0.05 28.1 0.15 0.05 0.15 6340 snap06340.h5
#snapshot: 13.5 0 8 22.5 0.05 28.1 0.15 0.05 0.15 6350 snap06350.h5
#snapshot: 13.5 0 8 22.5 0.05 28.1 0.15 0.05 0.15 6360 snap06360.h5
#snapshot: 13.5 0 8 22.5 0.05 28.1 0.15 0.05 0.15 6370 snap06370.h5
#snapshot: 13.5 0 8 22.5 0.05 28.1 0.15 0.05 0.15 6380 snap06380.h5
#snapshot: 13.5 0 8 22.5 0.05 28.1 0.15 0.05 0.15 6390 snap06390.h5
#snapshot: 13.5 0 8 22.5 0.05 28.1 0.15 0.05 0.15 6400 snap06400.h5
#snapshot: 13.5 0 8 22.5 0.05 28.1 0.15 0.05 0.15 6410 snap06410.h5
#snapshot: 13.5 0 8 22.5 0.05 28.1 0.15 0.05 0.15 6420 snap06420.h5
#snapshot: 13.5 0 8 22.5 0.05 28.1 0.15 0.05 0.15 6430 snap06430.h5
#snapshot: 13.5 0 8 22.5 0.05 28.1 0.15 0.05 0.15 6440 snap06440.h5
#snapshot: 13.5 0 8 22.5 0.05 28.1 0.15 0.05 0.15 6450 snap06450.h5
#snapshot: 13.5 0 8 22.5 0.05 28.1 0.15 0.05 0.15 6460 snap06460.h5
#snapshot: 13.5 0 8 22.5 0.05 28.1 0.15 0.05 0.15 6470 snap06470.h5
#snapshot: 13.5 0 8 22.5 0.05 28.1 0.15 0.05 0.15 6480 snap06480.h5
#snapshot: 13.5 0 8 22.5 0.05 28.1 0.15 0.05 0.15 6490 snap06490.h5
#snapshot: 13.5 0 8 22.5 0.05 28.1 0.15 0.05 0.15 6500 snap06500.h5
#snapshot: 13.5 0 8 22.5 0.05 28.1 0.15 0.05 0.15 6510 snap06510.h5
#snapshot: 13.5 0 8 22.5 0.05 28.1 0.15 0.05 0.15 6520 snap06520.h5
#snapshot: 13.5 0 8 22.5 0.05 28.1 0.15 0.05 0.15 6530 snap06530.h5
#snapshot: 13.5 0 8 22.5 0.05 28.1 0.15 0.05 0.15 6540 snap06540.h5
#snapshot: 13.5 0 8 22.5 0.05 28.1 0.15 0.05 0.15 6550 snap06550.h5
#snapshot: 13.5 0 8 22.5 0.05 28.1 0.15 0.05 0.15 6560 snap06560.h5
#snapshot: 13.5 0 8 22.5 0.05 28.1 0.15 0.05 0.15 6570 snap06570.h5
#snapshot: 13.5 0 8 22.5 0.05 28.1 0.15 0.05 0.15 6580 snap06580.h5
#snapshot: 13.5 0 8 22.5 0.05 28.1 0.15 0.05 0.15 6590 snap06590.h5
#snapshot: 13.5 0 8 22.5 0.05 28.1 0.15 0.05 0.15 6600 snap06600.h5
#snapshot: 13.5 0 8 22.5 0.05 28.1 0.15 0.05 0.15 6610 snap06610.h5
#snapshot: 13.5 0 8 22.5 0.05 28.1 0.15 0.05 0.15 6620 snap06620.h5
#snapshot: 13.5 0 8 22.5 0.05 28.1 0.15 0.05 0.15 6630 snap06630.h5
#snapshot: 13.5 0 8 22.5 0.05 28.1 0.15 0.05 0.15 6640 snap06640.h5
#snapshot: 13.5 0 8 22.5 0.05 28.1 0.15 0.05 0.15 6650 snap06650.h5
#snapshot: 13.5 0 8 22.5 0.05 28.1 0.15 0.05 0.15 6660 snap06660.h5
#snapshot: 13.5 0 8 22.5 0.05 28.1 0.15 0.05 0.15 6670 snap06670.h5
#snapshot: 13.5 0 8 22.5 0.05 28.1 0.15 0.05 0.15 6680 snap06680.h5
#snapshot: 13.5 0 8 22.5 0.05 28.1 0.15 0.05 0.15 6690 snap06690.h5
#snapshot: 13.5 0 8 22.5 0.05 28.1 0.15 0.05 0.15 6700 snap06700.h5
#snapshot: 13.5 0 8 22.5 0.05 28.1 0.15 0.05 0.15 6710 snap06710.h5
#snapshot: 13.5 0 8 22.5 0.05 28.1 0.15 0.05 0.15 6720 snap06720.h5
#snapshot: 13.5 0 8 22.5 0.05 28.1 0.15 0.05 0.15 6730 snap06730.h5
#snapshot: 13.5 0 8 22.5 0.05 28.1 0.15 0.05 0.15 6740 snap06740.h5
#snapshot: 13.5 0 8 22.5 0.05 28.1 0.15 0.05 0.15 6750 snap06750.h5
#snapshot: 13.5 0 8 22.5 0.05 28.1 0.15 0.05 0.15 6760 snap06760.h5
#snapshot: 13.5 0 8 22.5 0.05 28.1 0.15 0.05 0.15 6770 snap06770.h5
#snapshot: 13.5 0 8 22.5 0.05 28.1 0.15 0.05 0.15 6780 snap06780.h5
#snapshot: 13.5 0 8 22.5 0.05 28.1 0.15 0.05 0.15 6790 snap06790.h5
#snapshot: 13.5 0 8 22.5 0.05 28.1 0.15 0.05 0.15 6800 snap06800.h5
#snapshot: 13.5 0 8 22.5 0.05 28.1 0.15 0.05 0.15 6810 snap06810.h5
#snapshot: 13.5 0 8 22.5 0.05 28.1 0.15 0.05 0.15 6820 snap06820.h5
#snapshot: 13.5 0 8 22.5 0.05 28.1 0.15 0.05 0.15 6830 snap06830.h5
#snapshot: 13.5 0 8 22.5 0.05 28.1 0.15 0.05 0.15 6840 snap06840.h5
#snapshot: 13.5 0 8 22.5 0.05 28.1 0.15 0.05 0.15 6850 snap06850.h5
#snapshot: 13.5 0 8 22.5 0.05 28.1 0.15 0.05 0.15 6860 snap06860.h5
#snapshot: 13.5 0 8 22.5 0.05 28.1 0.15 0.05 0.15 6870 snap06870.h5
#snapshot: 13.5 0 8 22.5 0.05 28.1 0.15 0.05 0.15 6880 snap06880.h5
#snapshot: 13.5 0 8 22.5 0.05 28.1 0.15 0.05 0.15 6890 snap06890.h5
#snapshot: 13.5 0 8 22.5 0.05 28.1 0.15 0.05 0.15 6900 snap06900.h5
#snapshot: 13.5 0 8 22.5 0.05 28.1 0.15 0.05 0.15 6910 snap06910.h5
#snapshot: 13.5 0 8 22.5 0.05 28.1 0.15 0.05 0.15 6920 snap06920.h5
#snapshot: 13.5 0 8 22.5 0.05 28.1 0.15 0.05 0.15 6930 snap06930.h5
#snapshot: 13.5 0 8 22.5 0.05 28.1 0.15 0.05 0.15 6940 snap06940.h5
#snapshot: 13.5 0 8 22.5 0.05 28.1 0.15 0.05 0.15 6950 snap06950.h5
#snapshot: 13.5 0 8 22.5 0.05 28.1 0.15 0.05 0.15 6960 snap06960.h5
#snapshot: 13.5 0 8 22.5 0.05 28.1 0.15 0.05 0.15 6970 snap06970.h5
#snapshot: 13.5 0 8 22.5 0.05 28.1 0.15 0.05 0.15 6980 snap06980.h5
#snapshot: 13.5 0 8 22.5 0.05 28.1 0.15 0.05 0.15 6990 snap06990.h5
#snapshot: 13.5 0 8 22.5 0.05 28.1 0.15 0.05 0.15 7000 snap07000.h5
#snapshot: 13.5 0 8 22.5 0.05 28.1 0.15 0.05 0.15 7010 snap07010.h5
#snapshot: 13.5 0 8 22.5 0.05 28.1 0.15 0.05 0.15 7020 snap07020.h5
#snapshot: 13.5 0 8 22.5 0.05 28.1 0.15 0.05 0.15 7030 snap07030.h5
#snapshot: 13.5 0 8 22.5 0.05 28.1 0.15 0.05 0.15 7040 snap07040.h5
#snapshot: 13.5 0 8 22.5 0.05 28.1 0.15 0.05 0.15 7050 snap07050.h5
#snapshot: 13.5 0 8 22.5 0.05 28.1 0.15 0.05 0.15 7060 snap07060.h5
#snapshot: 13.5 0 8 22.5 0.05 28.1 0.15 0.05 0.15 7070 snap07070.h5
#snapshot: 13.5 0 8 22.5 0.05 28.1 0.15 0.05 0.15 7080 snap07080.h5
#snapshot: 13.5 0 8 22.5 0.05 28.1 0.15 0.05 0.15 7090 snap07090.h5
#snapshot: 13.5 0 8 22.5 0.05 28.1 0.15 0.05 0.15 7100 snap07100.h5
#snapshot: 13.5 0 8 22.5 0.05 28.1 0.15 0.05 0.15 7110 snap07110.h5
#snapshot: 13.5 0 8 22.5 0.05 28.1 0.15 0.05 0.15 7120 snap07120.h5
#snapshot: 13.5 0 8 22.5 0.05 28.1 0.15 0.05 0.15 7130 snap07130.h5
#snapshot: 13.5 0 8 22.5 0.05 28.1 0.15 0.05 0.15 7140 snap07140.h5
#snapshot: 13.5 0 8 22.5 0.05 28.1 0.15 0.05 0.15 7150 snap07150.h5
#snapshot: 13.5 0 8 22.5 0.05 28.1 0.15 0.05 0.15 7160 snap07160.h5
#snapshot: 13.5 0 8 22.5 0.05 28.1 0.15 0.05 0.15 7170 snap07170.h5
#snapshot: 13.5 0 8 22.5 0.05 28.1 0.15 0.05 0.15 7180 snap07180.h5
#snapshot: 13.5 0 8 22.5 0.05 28.1 0.15 0.05 0.15 7190 snap07190.h5
#snapshot: 13.5 0 8 22.5 0.05 28.1 0.15 0.05 0.15 7200 snap07200.h5
#snapshot: 13.5 0 8 22.5 0.05 28.1 0.15 0.05 0.15 7210 snap07210.h5
#snapshot: 13.5 0 8 22.5 0.05 28.1 0.15 0.05 0.15 7220 snap07220.h5
#snapshot: 13.5 0 8 22.5 0.05 28.1 0.15 0.05 0.15 7230 snap07230.h5
#snapshot: 13.5 0 8 22.5 0.05 28.1 0.15 0.05 0.15 7240 snap07240.h5
#snapshot: 13.5 0 8 22.5 0.05 28.1 0.15 0.05 0.15 7250 snap07250.h5
#snapshot: 13.5 0 8 22.5 0.05 28.1 0.15 0.05 0.15 7260 snap07260.h5
#snapshot: 13.5 0 8 22.5 0.05 28.1 0.15 0.05 0.15 7270 snap07270.h5
#snapshot: 13.5 0 8 22.5 0.05 28.1 0.15 0.05 0.15 7280 snap07280.h5
#snapshot: 13.5 0 8 22.5 0.05 28.1 0.15 0.05 0.15 7290 snap07290.h5
#snapshot: 13.5 0 8 22.5 0.05 28.1 0.15 0.05 0.15 7300 snap07300.h5
#snapshot: 13.5 0 8 22.5 0.05 28.1 0.15 0.05 0.15 7310 snap07310.h5
#snapshot: 13.5 0 8 22.5 0.05 28.1 0.15 0.05 0.15 7320 snap07320.h5
#snapshot: 13.5 0 8 22.5 0.05 28.1 0.15 0.05 0.15 7330 snap07330.h5
#snapshot: 13.5 0 8 22.5 0.05 28.1 0.15 0.05 0.15 7340 snap07340.h5
#snapshot: 13.5 0 8 22.5 0.05 28.1 0.15 0.05 0.15 7350 snap07350.h5
#snapshot: 13.5 0 8 22.5 0.05 28.1 0.15 0.05 0.15 7360 snap07360.h5
#snapshot: 13.5 0 8 22.5 0.05 28.1 0.15 0.05 0.15 7370 snap07370.h5
#snapshot: 13.5 0 8 22.5 0.05 28.1 0.15 0.05 0.15 7380 snap07380.h5
#snapshot: 13.5 0 8 22.5 0.05 28.1 0.15 0.05 0.15 7390 snap07390.h5
#snapshot: 13.5 0 8 22.5 0.05 28.1 0.15 0.05 0.15 7400 snap07400.h5
#snapshot: 13.5 0 8 22.5 0.05 28.1 0.15 0.05 0.15 7410 snap07410.h5
#snapshot: 13.5 0 8 22.5 0.05 28.1 0.15 0.05 0.15 7420 snap07420.h5
#snapshot: 13.5 0 8 22.5 0.05 28.1 0.15 0.05 0.15 7430 snap07430.h5
#snapshot: 13.5 0 8 22.5 0.05 28.1 0.15 0.05 0.15 7440 snap07440.h5
#snapshot: 13.5 0 8 22.5 0.05 28.1 0.15 0.05 0.15 7450 snap07450.h5
#snapshot: 13.5 0 8 22.5 0.05 28.1 0.15 0.05 0.15 7460 snap07460.h5
#snapshot: 13.5 0 8 22.5 0.05 28.1 0.15 0.05 0.15 7470 snap07470.h5
#snapshot: 13.5 0 8 22.5 0.05 28.1 0.15 0.05 0.15 7480 snap07480.h5
#snapshot: 13.5 0 8 22.5 0.05 28.1 0.15 0.05 0.15 7490 snap07490.h5
#snapshot: 13.5 0 8 22.5 0.05 28.1 0.15 0.05 0.15 7500 snap07500.h5
#snapshot: 13.5 0 8 22.5 0.05 28.1 0.15 0.05 0.15 7510 snap07510.h5
#snapshot: 13.5 0 8 22.5 0.05 28.1 0.15 0.05 0.15 7520 snap07520.h5
#snapshot: 13.5 0 8 22.5 0.05 28.1 0.15 0.05 0.15 7530 snap07530.h5
#snapshot: 13.5 0 8 22.5 0.05 28.1 0.15 0.05 0.15 7540 snap07540.h5
#snapshot: 13.5 0 8 22.5 0.05 28.1 0.15 0.05 0.15 7550 snap07550.h5
#snapshot: 13.5 0 8 22.5 0.05 28.1 0.15 0.05 0.15 7560 snap07560.h5
#snapshot: 13.5 0 8 22.5 0.05 28.1 0.15 0.05 0.15 7570 snap07570.h5
#snapshot: 13.5 0 8 22.5 0.05 28.1 0.15 0.05 0.15 7580 snap07580.h5
#snapshot: 13.5 0 8 22.5 0.05 28.1 0.15 0.05 0.15 7590 snap07590.h5
#snapshot: 13.5 0 8 22.5 0.05 28.1 0.15 0.05 0.15 7600 snap07600.h5
#snapshot: 13.5 0 8 22.5 0.05 28.1 0.15 0.05 0.15 7610 snap07610.h5
#snapshot: 13.5 0 8 22.5 0.05 28.1 0.15 0.05 0.15 7620 snap07620.h5
#snapshot: 13.5 0 8 22.5 0.05 28.1 0.15 0.05 0.15 7630 snap07630.h5
#snapshot: 13.5 0 8 22.5 0.05 28.1 0.15 0.05 0.15 7640 snap07640.h5
#snapshot: 13.5 0 8 22.5 0.05 28.1 0.15 0.05 0.15 7650 snap07650.h5
#snapshot: 13.5 0 8 22.5 0.05 28.1 0.15 0.05 0.15 7660 snap07660.h5
#snapshot: 13.5 0 8 22.5 0.05 28.1 0.15 0.05 0.15 7670 snap07670.h5
#snapshot: 13.5 0 8 22.5 0.05 28.1 0.15 0.05 0.15 7680 snap07680.h5
#snapshot: 13.5 0 8 22.5 0.05 28.1 0.15 0.05 0.15 7690 snap07690.h5
#snapshot: 13.5 0 8 22.5 0.05 28.1 0.15 0.05 0.15 7700 snap07700.h5
#snapshot: 13.5 0 8 22.5 0.05 28.1 0.15 0.05 0.15 7710 snap07710.h5
#snapshot: 13.5 0 8 22.5 0.05 28.1 0.15 0.05 0.15 7720 snap07720.h5
#snapshot: 13.5 0 8 22.5 0.05 28.1 0.15 0.05 0.15 7730 snap07730.h5
#snapshot: 13.5 0 8 22.5 0.05 28.1 0.15 0.05 0.15 7740 snap07740.h5
#snapshot: 13.5 0 8 22.5 0.05 28.1 0.15 0.05 0.15 7750 snap07750.h5
#snapshot: 13.5 0 8 22.5 0.05 28.1 0.15 0.05 0.15 7760 snap07760.h5
#snapshot: 13.5 0 8 22.5 0.05 28.1 0.15 0.05 0.15 7770 snap07770.h5
#snapshot: 13.5 0 8 22.5 0.05 28.1 0.15 0.05 0.15 7780 snap07780.h5
#snapshot: 13.5 0 8 22.5 0.05 28.1 0.15 0.05 0.15 7790 snap07790.h5
#snapshot: 13.5 0 8 22.5 0.05 28.1 0.15 0.05 0.15 7800 snap07800.h5
#snapshot: 13.5 0 8 22.5 0.05 28.1 0.15 0.05 0.15 7810 snap07810.h5
#snapshot: 13.5 0 8 22.5 0.05 28.1 0.15 0.05 0.15 7820 snap07820.h5
#snapshot: 13.5 0 8 22.5 0.05 28.1 0.15 0.05 0.15 7830 snap07830.h5
#snapshot: 13.5 0 8 22.5 0.05 28.1 0.15 0.05 0.15 7840 snap07840.h5
#snapshot: 13.5 0 8 22.5 0.05 28.1 0.15 0.05 0.15 7850 snap07850.h5
#snapshot: 13.5 0 8 22.5 0.05 28.1 0.15 0.05 0.15 7860 snap07860.h5
#snapshot: 13.5 0 8 22.5 0.05 28.1 0.15 0.05 0.15 7870 snap07870.h5
#snapshot: 13.5 0 8 22.5 0.05 28.1 0.15 0.05 0.15 7880 snap07880.h5
#snapshot: 13.5 0 8 22.5 0.05 28.1 0.15 0.05 0.15 7890 snap07890.h5
#snapshot: 13.5 0 8 22.5 0.05 28.1 0.15 0.05 0.15 7900 snap07900.h5
#snapshot: 13.5 0 8 22.5 0.05 28.1 0.15 0.05 0.15 7910 snap07910.h5
#snapshot: 13.5 0 8 22.5 0.05 28.1 0.15 0.05 0.15 7920 snap07920.h5
#snapshot: 13.5 0 8 22.5 0.05 28.1 0.15 0.05 0.15 7930 snap07930.h5
#snapshot: 13.5 0 8 22.5 0.05 28.1 0.15 0.05 0.15 7940 snap07940.h5
#snapshot: 13.5 0 8 22.5 0.05 28.1 0.15 0.05 0.15 7950 snap07950.h5
#snapshot: 13.5 0 8 22.5 0.05 28.1 0.15 0.05 0.15 7960 snap07960.h5
#snapshot: 13.5 0 8 22.5 0.05 28.1 0.15 0.05 0.15 7970 snap07970.h5
#snapshot: 13.5 0 8 22.5 0.05 28.1 0.15 0.05 0.15 7980 snap07980.h5
#snapshot: 13.5 0 8 22.5 0.05 28.1 0.15 0.05 0.15 7990 snap07990.h5
#snapshot: 13.5 0 8 22.5 0.05 28.1 0.15 0.05 0.15 8000 snap08000.h5
#snapshot: 13.5 0 8 22.5 0.05 28.1 0.15 0.05 0.15 8010 snap08010.h5
#snapshot: 13.5 0 8 22.5 0.05 28.1 0.15 0.05 0.15 8020 snap08020.h5
#snapshot: 13.5 0 8 22.5 0.05 28.1 0.15 0.05 0.15 8030 snap08030.h5
#snapshot: 13.5 0 8 22.5 0.05 28.1 0.15 0.05 0.15 8040 snap08040.h5
#snapshot: 13.5 0 8 22.5 0.05 28.1 0.15 0.05 0.15 8050 snap08050.h5
#snapshot: 13.5 0 8 22.5 0.05 28.1 0.15 0.05 0.15 8060 snap08060.h5
#snapshot: 13.5 0 8 22.5 0.05 28.1 0.15 0.05 0.15 8070 snap08070.h5
#snapshot: 13.5 0 8 22.5 0.05 28.1 0.15 0.05 0.15 8080 snap08080.h5
#snapshot: 13.5 0 8 22.5 0.05 28.1 0.15 0.05 0.15 8090 snap08090.h5
#snapshot: 13.5 0 8 22.5 0.05 28.1 0.15 0.05 0.15 8100 snap08100.h5
#snapshot: 13.5 0 8 22.5 0.05 28.1 0.15 0.05 0.15 8110 snap08110.h5
#snapshot: 13.5 0 8 22.5 0.05 28.1 0.15 0.05 0.15 8120 snap08120.h5
#snapshot: 13.5 0 8 22.5 0.05 28.1 0.15 0.05 0.15 8130 snap08130.h5
#snapshot: 13.5 0 8 22.5 0.05 28.1 0.15 0.05 0.15 8140 snap08140.h5
#snapshot: 13.5 0 8 22.5 0.05 28.1 0.15 0.05 0.15 8150 snap08150.h5
#snapshot: 13.5 0 8 22.5 0.05 28.1 0.15 0.05 0.15 8160 snap08160.h5
#snapshot: 13.5 0 8 22.5 0.05 28.1 0.15 0.05 0.15 8170 snap08170.h5
#snapshot: 13.5 0 8 22.5 0.05 28.1 0.15 0.05 0.15 8180 snap08180.h5
#snapshot: 13.5 0 8 22.5 0.05 28.1 0.15 0.05 0.15 8190 snap08190.h5
#snapshot: 13.5 0 8 22.5 0.05 28.1 0.15 0.05 0.15 8200 snap08200.h5
#snapshot: 13.5 0 8 22.5 0.05 28.1 0.15 0.05 0.15 8210 snap08210.h5
#snapshot: 13.5 0 8 22.5 0.05 28.1 0.15 0.05 0.15 8220 snap08220.h5
#snapshot: 13.5 0 8 22.5 0.05 28.1 0.15 0.05 0.15 8230 snap08230.h5
#snapshot: 13.5 0 8 22.5 0.05 28.1 0.15 0.05 0.15 8240 snap08240.h5
#snapshot: 13.5 0 8 22.5 0.05 28.1 0.15 0.05 0.15 8250 snap08250.h5
#snapshot: 13.5 0 8 22.5 0.05 28.1 0.15 0.05 0.15 8260 snap08260.h5
#snapshot: 13.5 0 8 22.5 0.05 28.1 0.15 0.05 0.15 8270 snap08270.h5
#snapshot: 13.5 0 8 22.5 0.05 28.1 0.15 0.05 0.15 8280 snap08280.h5
#snapshot: 13.5 0 8 22.5 0.05 28.1 0.15 0.05 0.15 8290 snap08290.h5
#snapshot: 13.5 0 8 22.5 0.05 28.1 0.15 0.05 0.15 8300 snap08300.h5
#snapshot: 13.5 0 8 22.5 0.05 28.1 0.15 0.05 0.15 8310 snap08310.h5
#snapshot: 13.5 0 8 22.5 0.05 28.1 0.15 0.05 0.15 8320 snap08320.h5
#snapshot: 13.5 0 8 22.5 0.05 28.1 0.15 0.05 0.15 8330 snap08330.h5
#snapshot: 13.5 0 8 22.5 0.05 28.1 0.15 0.05 0.15 8340 snap08340.h5
#snapshot: 13.5 0 8 22.5 0.05 28.1 0.15 0.05 0.15 8350 snap08350.h5
#snapshot: 13.5 0 8 22.5 0.05 28.1 0.15 0.05 0.15 8360 snap08360.h5
#snapshot: 13.5 0 8 22.5 0.05 28.1 0.15 0.05 0.15 8370 snap08370.h5
#snapshot: 13.5 0 8 22.5 0.05 28.1 0.15 0.05 0.15 8380 snap08380.h5
#snapshot: 13.5 0 8 22.5 0.05 28.1 0.15 0.05 0.15 8390 snap08390.h5
#snapshot: 13.5 0 8 22.5 0.05 28.1 0.15 0.05 0.15 8400 snap08400.h5
#snapshot: 13.5 0 8 22.5 0.05 28.1 0.15 0.05 0.15 8410 snap08410.h5
#snapshot: 13.5 0 8 22.5 0.05 28.1 0.15 0.05 0.15 8420 snap08420.h5
#snapshot: 13.5 0 8 22.5 0.05 28.1 0.15 0.05 0.15 8430 snap08430.h5
#snapshot: 13.5 0 8 22.5 0.05 28.1 0.15 0.05 0.15 8440 snap08440.h5
#snapshot: 13.5 0 8 22.5 0.05 28.1 0.15 0.05 0.15 8450 snap08450.h5
#snapshot: 13.5 0 8 22.5 0.05 28.1 0.15 0.05 0.15 8460 snap08460.h5
#snapshot: 13.5 0 8 22.5 0.05 28.1 0.15 0.05 0.15 8470 snap08470.h5
#snapshot: 13.5 0 8 22.5 0.05 28.1 0.15 0.05 0.15 8480 snap08480.h5
#snapshot: 13.5 0 8 22.5 0.05 28.1 0.15 0.05 0.15 8490 snap08490.h5
#snapshot: 13.5 0 8 22.5 0.05 28.1 0.15 0.05 0.15 8500 snap08500.h5
#snapshot: 13.5 0 8 22.5 0.05 28.1 0.15 0.05 0.15 8510 snap08510.h5
#snapshot: 13.5 0 8 22.5 0.05 28.1 0.15 0.05 0.15 8520 snap08520.h5
#snapshot: 13.5 0 8 22.5 0.05 28.1 0.15 0.05 0.15 8530 snap08530.h5
#snapshot: 13.5 0 8 22.5 0.05 28.1 0.15 0.05 0.15 8540 snap08540.h5
#snapshot: 13.5 0 8 22.5 0.05 28.1 0.15 0.05 0.15 8550 snap08550.h5
#snapshot: 13.5 0 8 22.5 0.05 28.1 0.15 0.05 0.15 8560 snap08560.h5
#snapshot: 13.5 0 8 22.5 0.05 28.1 0.15 0.05 0.15 8570 snap08570.h5
#snapshot: 13.5 0 8 22.5 0.05 28.1 0.15 0.05 0.15 8580 snap08580.h5
#snapshot: 13.5 0 8 22.5 0.05 28.1 0.15 0.05 0.15 8590 snap08590.h5
#snapshot: 13.5 0 8 22.5 0.05 28.1 0.15 0.05 0.15 8600 snap08600.h5
#snapshot: 13.5 0 8 22.5 0.05 28.1 0.15 0.05 0.15 8610 snap08610.h5
#snapshot: 13.5 0 8 22.5 0.05 28.1 0.15 0.05 0.15 8620 snap08620.h5
#snapshot: 13.5 0 8 22.5 0.05 28.1 0.15 0.05 0.15 8630 snap08630.h5
#snapshot: 13.5 0 8 22.5 0.05 28.1 0.15 0.05 0.15 8640 snap08640.h5
#snapshot: 13.5 0 8 22.5 0.05 28.1 0.15 0.05 0.15 8650 snap08650.h5
#snapshot: 13.5 0 8 22.5 0.05 28.1 0.15 0.05 0.15 8660 snap08660.h5
#snapshot: 13.5 0 8 22.5 0.05 28.1 0.15 0.05 0.15 8670 snap08670.h5
#snapshot: 13.5 0 8 22.5 0.05 28.1 0.15 0.05 0.15 8680 snap08680.h5
#snapshot: 13.5 0 8 22.5 0.05 28.1 0.15 0.05 0.15 8690 snap08690.h5
#snapshot: 13.5 0 8 22.5 0.05 28.1 0.15 0.05 0.15 8700 snap08700.h5
#snapshot: 13.5 0 8 22.5 0.05 28.1 0.15 0.05 0.15 8710 snap08710.h5
#snapshot: 13.5 0 8 22.5 0.05 28.1 0.15 0.05 0.15 8720 snap08720.h5
#snapshot: 13.5 0 8 22.5 0.05 28.1 0.15 0.05 0.15 8730 snap08730.h5
#snapshot: 13.5 0 8 22.5 0.05 28.1 0.15 0.05 0.15 8740 snap08740.h5
#snapshot: 13.5 0 8 22.5 0.05 28.1 0.15 0.05 0.15 8750 snap08750.h5
#snapshot: 13.5 0 8 22.5 0.05 28.1 0.15 0.05 0.15 8760 snap08760.h5
#snapshot: 13.5 0 8 22.5 0.05 28.1 0.15 0.05 0.15 8770 snap08770.h5
#snapshot: 13.5 0 8 22.5 0.05 28.1 0.15 0.05 0.15 8780 snap08780.h5
#snapshot: 13.5 0 8 22.5 0.05 28.1 0.15 0.05 0.15 8790 snap08790.h5
#snapshot: 13.5 0 8 22.5 0.05 28.1 0.15 0.05 0.15 8800 snap08800.h5
#snapshot: 13.5 0 8 22.5 0.05 28.1 0.15 0.05 0.15 8810 snap08810.h5
#snapshot: 13.5 0 8 22.5 0.05 28.1 0.15 0.05 0.15 8820 snap08820.h5
#snapshot: 13.5 0 8 22.5 0.05 28.1 0.15 0.05 0.15 8830 snap08830.h5
#snapshot: 13.5 0 8 22.5 0.05 28.1 0.15 0.05 0.15 8840 snap08840.h5
#snapshot: 13.5 0 8 22.5 0.05 28.1 0.15 0.05 0.15 8850 snap08850.h5
#snapshot: 13.5 0 8 22.5 0.05 28.1 0.15 0.05 0.15 8860 snap08860.h5
#snapshot: 13.5 0 8 22.5 0.05 28.1 0.15 0.05 0.15 8870 snap08870.h5
#snapshot: 13.5 0 8 22.5 0.05 28.1 0.15 0.05 0.15 8880 snap08880.h5
#snapshot: 13.5 0 8 22.5 0.05 28.1 0.15 0.05 0.15 8890 snap08890.h5
#snapshot: 13.5 0 8 22.5 0.05 28.1 0.15 0.05 0.15 8900 snap08900.h5
#snapshot: 13.5 0 8 22.5 0.05 28.1 0.15 0.05 0.15 8910 snap08910.h5
#snapshot: 13.5 0 8 22.5 0.05 28.1 0.15 0.05 0.15 8920 snap08920.h5
#snapshot: 13.5 0 8 22.5 0.05 28.1 0.15 0.05 0.15 8930 snap08930.h5
#snapshot: 13.5 0 8 22.5 0.05 28.1 0.15 0.05 0.15 8940 snap08940.h5
#snapshot: 13.5 0 8 22.5 0.05 28.1 0.15 0.05 0.15 8950 snap08950.h5
#snapshot: 13.5 0 8 22.5 0.05 28.1 0.15 0.05 0.15 8960 snap08960.h5
#snapshot: 13.5 0 8 22.5 0.05 28.1 0.15 0.05 0.15 8970 snap08970.h5
#snapshot: 13.5 0 8 22.5 0.05 28.1 0.15 0.05 0.15 8980 snap08980.h5
#snapshot: 13.5 0 8 22.5 0.05 28.1 0.15 0.05 0.15 8990 snap08990.h5
#snapshot: 13.5 0 8 22.5 0.05 28.1 0.15 0.05 0.15 9000 snap09000.h5
#snapshot: 13.5 0 8 22.5 0.05 28.1 0.15 0.05 0.15 9010 snap09010.h5
#snapshot: 13.5 0 8 22.5 0.05 28.1 0.15 0.05 0.15 9020 snap09020.h5
#snapshot: 13.5 0 8 22.5 0.05 28.1 0.15 0.05 0.15 9030 snap09030.h5
#snapshot: 13.5 0 8 22.5 0.05 28.1 0.15 0.05 0.15 9040 snap09040.h5
#snapshot: 13.5 0 8 22.5 0.05 28.1 0.15 0.05 0.15 9050 snap09050.h5
#snapshot: 13.5 0 8 22.5 0.05 28.1 0.15 0.05 0.15 9060 snap09060.h5
#snapshot: 13.5 0 8 22.5 0.05 28.1 0.15 0.05 0.15 9070 snap09070.h5
#snapshot: 13.5 0 8 22.5 0.05 28.1 0.15 0.05 0.15 9080 snap09080.h5
#snapshot: 13.5 0 8 22.5 0.05 28.1 0.15 0.05 0.15 9090 snap09090.h5
#snapshot: 13.5 0 8 22.5 0.05 28.1 0.15 0.05 0.15 9100 snap09100.h5
#snapshot: 13.5 0 8 22.5 0.05 28.1 0.15 0.05 0.15 9110 snap09110.h5
#snapshot: 13.5 0 8 22.5 0.05 28.1 0.15 0.05 0.15 9120 snap09120.h5
#snapshot: 13.5 0 8 22.5 0.05 28.1 0.15 0.05 0.15 9130 snap09130.h5
#snapshot: 13.5 0 8 22.5 0.05 28.1 0.15 0.05 0.15 9140 snap09140.h5
#snapshot: 13.5 0 8 22.5 0.05 28.1 0.15 0.05 0.15 9150 snap09150.h5
#snapshot: 13.5 0 8 22.5 0.05 28.1 0.15 0.05 0.15 9160 snap09160.h5
#snapshot: 13.5 0 8 22.5 0.05 28.1 0.15 0.05 0.15 9170 snap09170.h5
#snapshot: 13.5 0 8 22.5 0.05 28.1 0.15 0.05 0.15 9180 snap09180.h5
#snapshot: 13.5 0 8 22.5 0.05 28.1 0.15 0.05 0.15 9190 snap09190.h5
#snapshot: 13.5 0 8 22.5 0.05 28.1 0.15 0.05 0.15 9200 snap09200.h5
#snapshot: 13.5 0 8 22.5 0.05 28.1 0.15 0.05 0.15 9210 snap09210.h5
#snapshot: 13.5 0 8 22.5 0.05 28.1 0.15 0.05 0.15 9220 snap09220.h5
#snapshot: 13.5 0 8 22.5 0.05 28.1 0.15 0.05 0.15 9230 snap09230.h5
#snapshot: 13.5 0 8 22.5 0.05 28.1 0.15 0.05 0.15 9240 snap09240.h5
#snapshot: 13.5 0 8 22.5 0.05 28.1 0.15 0.05 0.15 9250 snap09250.h5
#snapshot: 13.5 0 8 22.5 0.05 28.1 0.15 0.05 0.15 9260 snap09260.h5
#snapshot: 13.5 0 8 22.5 0.05 28.1 0.15 0.05 0.15 9270 snap09270.h5
#snapshot: 13.5 0 8 22.5 0.05 28.1 0.15 0.05 0.15 9280 snap09280.h5
#snapshot: 13.5 0 8 22.5 0.05 28.1 0.15 0.05 0.15 9290 snap09290.h5
#snapshot: 13.5 0 8 22.5 0.05 28.1 0.15 0.05 0.15 9300 snap09300.h5
#snapshot: 13.5 0 8 22.5 0.05 28.1 0.15 0.05 0.15 9310 snap09310.h5
#snapshot: 13.5 0 8 22.5 0.05 28.1 0.15 0.05 0.15 9320 snap09320.h5
#snapshot: 13.5 0 8 22.5 0.05 28.1 0.15 0.05 0.15 9330 snap09330.h5
#snapshot: 13.5 0 8 22.5 0.05 28.1 0.15 0.05 0.15 9340 snap09340.h5
#snapshot: 13.5 0 8 22.5 0.05 28.1 0.15 0.05 0.15 9350 snap09350.h5
#snapshot: 13.5 0 8 22.5 0.05 28.1 0.15 0.05 0.15 9360 snap09360.h5
#snapshot: 13.5 0 8 22.5 0.05 28.1 0.15 0.05 0.15 9370 snap09370.h5
#snapshot: 13.5 0 8 22.5 0.05 28.1 0.15 0.05 0.15 9380 snap09380.h5
#snapshot: 13.5 0 8 22.5 0.05 28.1 0.15 0.05 0.15 9390 snap09390.h5
#snapshot: 13.5 0 8 22.5 0.05 28.1 0.15 0.05 0.15 9400 snap09400.h5
#snapshot: 13.5 0 8 22.5 0.05 28.1 0.15 0.05 0.15 9410 snap09410.h5
#snapshot: 13.5 0 8 22.5 0.05 28.1 0.15 0.05 0.15 9420 snap09420.h5
#snapshot: 13.5 0 8 22.5 0.05 28.1 0.15 0.05 0.15 9430 snap09430.h5
#snapshot: 13.5 0 8 22.5 0.05 28.1 0.15 0.05 0.15 9440 snap09440.h5
#snapshot: 13.5 0 8 22.5 0.05 28.1 0.15 0.05 0.15 9450 snap09450.h5
#snapshot: 13.5 0 8 22.5 0.05 28.1 0.15 0.05 0.15 9460 snap09460.h5
#snapshot: 13.5 0 8 22.5 0.05 28.1 0.15 0.05 0.15 9470 snap09470.h5
#snapshot: 13.5 0 8 22.5 0.05 28.1 0.15 0.05 0.15 9480 snap09480.h5
#snapshot: 13.5 0 8 22.5 0.05 28.1 0.15 0.05 0.15 9490 snap09490.h5
#snapshot: 13.5 0 8 22.5 0.05 28.1 0.15 0.05 0.15 9500 snap09500.h5
#snapshot: 13.5 0 8 22.5 0.05 28.1 0.15 0.05 0.15 9510 snap09510.h5
#snapshot: 13.5 0 8 22.5 0.05 28.1 0.15 0.05 0.15 9520 snap09520.h5
#snapshot: 13.5 0 8 22.5 0.05 28.1 0.15 0.05 0.15 9530 snap09530.h5
#snapshot: 13.5 0 8 22.5 0.05 28.1 0.15 0.05 0.15 9540 snap09540.h5
#snapshot: 13.5 0 8 22.5 0.05 28.1 0.15 0.05 0.15 9550 snap09550.h5
#snapshot: 13.5 0 8 22.5 0.05 28.1 0.15 0.05 0.15 9560 snap09560.h5
#snapshot: 13.5 0 8 22.5 0.05 28.1 0.15 0.05 0.15 9570 snap09570.h5
#snapshot: 13.5 0 8 22.5 0.05 28.1 0.15 0.05 0.15 9580 snap09580.h5
#snapshot: 13.5 0 8 22.5 0.05 28.1 0.15 0.05 0.15 9590 snap09590.h5
#snapshot: 13.5 0 8 22.5 0.05 28.1 0.15 0.05 0.15 9600 snap09600.h5
#snapshot: 13.5 0 8 22.5 0.05 28.1 0.15 0.05 0.15 9610 snap09610.h5
#snapshot: 13.5 0 8 22.5 0.05 28.1 0.15 0.05 0.15 9620 snap09620.h5
#snapshot: 13.5 0 8 22.5 0.05 28.1 0.15 0.05 0.15 9630 snap09630.h5
#snapshot: 13.5 0 8 22.5 0.05 28.1 0.15 0.05 0.15 9640 snap09640.h5
#snapshot: 13.5 0 8 22.5 0.05 28.1 0.15 0.05 0.15 9650 snap09650.h5
#snapshot: 13.5 0 8 22.5 0.05 28.1 0.15 0.05 0.15 9660 snap09660.h5
#snapshot: 13.5 0 8 22.5 0.05 28.1 0.15 0.05 0.15 9670 snap09670.h5
#snapshot: 13.5 0 8 22.5 0.05 28.1 0.15 0.05 0.15 9680 snap09680.h5
#snapshot: 13.5 0 8 22.5 0.05 28.1 0.15 0.05 0.15 9690 snap09690.h5
#snapshot: 13.5 0 8 22.5 0.05 28.1 0.15 0.05 0.15 9700 snap09700.h5
#snapshot: 13.5 0 8 22.5 0.05 28.1 0.15 0.05 0.15 9710 snap09710.h5
#snapshot: 13.5 0 8 22.5 0.05 28.1 0.15 0.05 0.15 9720 snap09720.h5
#snapshot: 13.5 0 8 22.5 0.05 28.1 0.15 0.05 0.15 9730 snap09730.h5
#snapshot: 13.5 0 8 22.5 0.05 28.1 0.15 0.05 0.15 9740 snap09740.h5
#snapshot: 13.5 0 8 22.5 0.05 28.1 0.15 0.05 0.15 9750 snap09750.h5
#snapshot: 13.5 0 8 22.5 0.05 28.1 0.15 0.05 0.15 9760 snap09760.h5
#snapshot: 13.5 0 8 22.5 0.05 28.1 0.15 0.05 0.15 9770 snap09770.h5
#snapshot: 13.5 0 8 22.5 0.05 28.1 0.15 0.05 0.15 9780 snap09780.h5
#snapshot: 13.5 0 8 22.5 0.05 28.1 0.15 0.05 0.15 9790 snap09790.h5
#snapshot: 13.5 0 8 22.5 0.05 28.1 0.15 0.05 0.15 9800 snap09800.h5
#snapshot: 13.5 0 8 22.5 0.05 28.1 0.15 0.05 0.15 9810 snap09810.h5
#snapshot: 13.5 0 8 22.5 0.05 28.1 0.15 0.05 0.15 9820 snap09820.h5
#snapshot: 13.5 0 8 22.5 0.05 28.1 0.15 0.05 0.15 9830 snap09830.h5
#snapshot: 13.5 0 8 22.5 0.05 28.1 0.15 0.05 0.15 9840 snap09840.h5
#snapshot: 13.5 0 8 22.5 0.05 28.1 0.15 0.05 0.15 9850 snap09850.h5
#snapshot: 13.5 0 8 22.5 0.05 28.1 0.15 0.05 0.15 9860 snap09860.h5
#snapshot: 13.5 0 8 22.5 0.05 28.1 0.15 0.05 0.15 9870 snap09870.h5
#snapshot: 13.5 0 8 22.5 0.05 28.1 0.15 0.05 0.15 9880 snap09880.h5
#snapshot: 13.5 0 8 22.5 0.05 28.1 0.15 0.05 0.15 9890 snap09890.h5
#snapshot: 13.5 0 8 22.5 0.05 28.1 0.15 0.05 0.15 9900 snap09900.h5
#snapshot: 13.5 0 8 22.5 0.05 28.1 0.15 0.05 0.15 9910 snap09910.h5
#snapshot: 13.5 0 8 22.5 0.05 28.1 0.15 0.05 0.15 9920 snap09920.h5
#snapshot: 13.5 0 8 22.5 0.05 28.1 0.15 0.05 0.15 9930 snap09930.h5
#snapshot: 13.5 0 8 22.5 0.05 28.1 0.15 0.05 0.15 9940 snap09940.h5
#snapshot: 13.5 0 8 22.5 0.05 28.1 0.15 0.05 0.15 9950 snap09950.h5
#snapshot: 13.5 0 8 22.5 0.05 28.1 0.15 0.05 0.15 9960 snap09960.h5
#snapshot: 13.5 0 8 22.5 0.05 28.1 0.15 0.05 0.15 9970 snap09970.h5
#snapshot: 13.5 0 8 22.5 0.05 28.1 0.15 0.05 0.15 9980 snap09980.h5
#snapshot: 13.5 0 8 22.5 0.05 28.1 0.15 0.05 0.15 9990 snap09990.h5
#snapshot: 13.5 0 8 22.5 0.05 28.1 0.15 0.05 0.15 10000 snap10000.h5
#snapshot: 13.5 0 8 22.5 0.05 28.1 0.15 0.05 0.15 10010 snap10010.h5
#snapshot: 13.5 0 8 22.5 0.05 28.1 0.15 0.05 0.15 10020 snap10020.h5
#snapshot: 13.5 0 8 22.5 0.05 28.1 0.15 0.05 0.15 10030 snap10030.h5
#snapshot: 13.5 0 8 22.5 0.05 28.1 0.15 0.05 0.15 10040 snap10040.h5
#snapshot: 13.5 0 8 22.5 0.05 28.1 0.15 0.05 0.15 10050 snap10050.h5
#snapshot: 13.5 0 8 22.5 0.05 28.1 0.15 0.05 0.15 10060 snap10060.h5
#snapshot: 13.5 0 8 22.5 0.05 28.1 0.15 0.05 0.15 10070 snap10070.h5
#snapshot: 13.5 0 8 22.5 0.05 28.1 0.15 0.05 0.15 10080 snap10080.h5
#snapshot: 13.5 0 8 22.5 0.05 28.1 0.15 0.05 0.15 10090 snap10090.h5
#snapshot: 13.5 0 8 22.5 0.05 28.1 0.15 0.05 0.15 10100 snap10100.h5
#snapshot: 13.5 0 8 22.5 0.05 28.1 0.15 0.05 0.15 10110 snap10110.h5
#snapshot: 13.5 0 8 22.5 0.05 28.1 0.15 0.05 0.15 10120 snap10120.h5
#snapshot: 13.5 0 8 22.5 0.05 28.1 0.15 0.05 0.15 10130 snap10130.h5
#snapshot: 13.5 0 8 22.5 0.05 28.1 0.15 0.05 0.15 10140 snap10140.h5
#snapshot: 13.5 0 8 22.5 0.05 28.1 0.15 0.05 0.15 10150 snap10150.h5
#snapshot: 13.5 0 8 22.5 0.05 28.1 0.15 0.05 0.15 10160 snap10160.h5
#snapshot: 13.5 0 8 22.5 0.05 28.1 0.15 0.05 0.15 10170 snap10170.h5
