#title: CTL3D-A as-is reproduction of B3D5CM-t07; rough-interface 3D standard benchmark (RMS 0.16 CL 2.5 seed 20261002 field eabcad0b16db)
#domain_mode: 3D
#domain: 12 12 33
#dx_dy_dz: 0.05 0.05 0.05
#time_window: 600e-9
#omp_threads: 8
#pml_cells: 20 20 20 20 20 20
#pml_formulation: HORIPML
#waveform: impulse 1 1 impulse
#hertzian_dipole: x 6 5.35 27 impulse
#rx: 6 6.65 27 t07 Ex
#pml_cfs: constant forward 0 0 constant forward 1 1 quartic forward 0 0.21235349838321013
#material: 9 0.001 1 0 rock
#material: 18.017 0.003 1 0 cover
#add_dispersion_debye: 1 7.878 6.4567e-09 cover
#box: 1 1 1 11 11 12 rock
#box: 1 1 9 1.25 1.25 12 cover
#box: 1 1.25 8.95 1.25 1.5 12 cover
#box: 1 1.5 8.95 1.25 1.75 12 cover
#box: 1 1.75 8.9 1.25 2 12 cover
#box: 1 2 8.9 1.25 2.25 12 cover
#box: 1 2.25 8.9 1.25 2.5 12 cover
#box: 1 2.5 8.9 1.25 2.75 12 cover
#box: 1 2.75 8.9 1.25 3 12 cover
#box: 1 3 8.9 1.25 3.25 12 cover
#box: 1 3.25 8.95 1.25 3.5 12 cover
#box: 1 3.5 8.95 1.25 3.75 12 cover
#box: 1 3.75 9 1.25 4 12 cover
#box: 1 4 9.05 1.25 4.25 12 cover
#box: 1 4.25 9.1 1.25 4.5 12 cover
#box: 1 4.5 9.15 1.25 4.75 12 cover
#box: 1 4.75 9.15 1.25 5 12 cover
#box: 1 5 9.2 1.25 5.25 12 cover
#box: 1 5.25 9.2 1.25 5.5 12 cover
#box: 1 5.5 9.2 1.25 5.75 12 cover
#box: 1 5.75 9.2 1.25 6 12 cover
#box: 1 6 9.2 1.25 6.25 12 cover
#box: 1 6.25 9.2 1.25 6.5 12 cover
#box: 1 6.5 9.15 1.25 6.75 12 cover
#box: 1 6.75 9.15 1.25 7 12 cover
#box: 1 7 9.1 1.25 7.25 12 cover
#box: 1 7.25 9.1 1.25 7.5 12 cover
#box: 1 7.5 9.05 1.25 7.75 12 cover
#box: 1 7.75 9.05 1.25 8 12 cover
#box: 1 8 9 1.25 8.25 12 cover
#box: 1 8.25 9 1.25 8.5 12 cover
#box: 1 8.5 8.95 1.25 8.75 12 cover
#box: 1 8.75 8.95 1.25 9 12 cover
#box: 1 9 8.9 1.25 9.25 12 cover
#box: 1 9.25 8.9 1.25 9.5 12 cover
#box: 1 9.5 8.95 1.25 9.75 12 cover
#box: 1 9.75 8.95 1.25 10 12 cover
#box: 1 10 8.95 1.25 10.25 12 cover
#box: 1 10.25 9 1.25 10.5 12 cover
#box: 1 10.5 9.05 1.25 10.75 12 cover
#box: 1 10.75 9.05 1.25 11 12 cover
#box: 1.25 1 8.95 1.5 1.25 12 cover
#box: 1.25 1.25 8.95 1.5 1.5 12 cover
#box: 1.25 1.5 8.9 1.5 1.75 12 cover
#box: 1.25 1.75 8.9 1.5 2 12 cover
#box: 1.25 2 8.9 1.5 2.25 12 cover
#box: 1.25 2.25 8.85 1.5 2.5 12 cover
#box: 1.25 2.5 8.85 1.5 2.75 12 cover
#box: 1.25 2.75 8.9 1.5 3 12 cover
#box: 1.25 3 8.9 1.5 3.25 12 cover
#box: 1.25 3.25 8.95 1.5 3.5 12 cover
#box: 1.25 3.5 9 1.5 3.75 12 cover
#box: 1.25 3.75 9.05 1.5 4 12 cover
#box: 1.25 4 9.05 1.5 4.25 12 cover
#box: 1.25 4.25 9.1 1.5 4.5 12 cover
#box: 1.25 4.5 9.15 1.5 4.75 12 cover
#box: 1.25 4.75 9.2 1.5 5 12 cover
#box: 1.25 5 9.2 1.5 5.25 12 cover
#box: 1.25 5.25 9.25 1.5 5.5 12 cover
#box: 1.25 5.5 9.25 1.5 5.75 12 cover
#box: 1.25 5.75 9.25 1.5 6 12 cover
#box: 1.25 6 9.25 1.5 6.25 12 cover
#box: 1.25 6.25 9.2 1.5 6.5 12 cover
#box: 1.25 6.5 9.2 1.5 6.75 12 cover
#box: 1.25 6.75 9.2 1.5 7 12 cover
#box: 1.25 7 9.15 1.5 7.25 12 cover
#box: 1.25 7.25 9.1 1.5 7.5 12 cover
#box: 1.25 7.5 9.1 1.5 7.75 12 cover
#box: 1.25 7.75 9.05 1.5 8 12 cover
#box: 1.25 8 9.05 1.5 8.25 12 cover
#box: 1.25 8.25 9 1.5 8.5 12 cover
#box: 1.25 8.5 9 1.5 8.75 12 cover
#box: 1.25 8.75 8.95 1.5 9 12 cover
#box: 1.25 9 8.95 1.5 9.25 12 cover
#box: 1.25 9.25 8.95 1.5 9.5 12 cover
#box: 1.25 9.5 8.95 1.5 9.75 12 cover
#box: 1.25 9.75 9 1.5 10 12 cover
#box: 1.25 10 9 1.5 10.25 12 cover
#box: 1.25 10.25 9.05 1.5 10.5 12 cover
#box: 1.25 10.5 9.05 1.5 10.75 12 cover
#box: 1.25 10.75 9.1 1.5 11 12 cover
#box: 1.5 1 8.95 1.75 1.25 12 cover
#box: 1.5 1.25 8.9 1.75 1.5 12 cover
#box: 1.5 1.5 8.9 1.75 1.75 12 cover
#box: 1.5 1.75 8.85 1.75 2 12 cover
#box: 1.5 2 8.85 1.75 2.25 12 cover
#box: 1.5 2.25 8.85 1.75 2.5 12 cover
#box: 1.5 2.5 8.85 1.75 2.75 12 cover
#box: 1.5 2.75 8.9 1.75 3 12 cover
#box: 1.5 3 8.9 1.75 3.25 12 cover
#box: 1.5 3.25 8.95 1.75 3.5 12 cover
#box: 1.5 3.5 9 1.75 3.75 12 cover
#box: 1.5 3.75 9.05 1.75 4 12 cover
#box: 1.5 4 9.1 1.75 4.25 12 cover
#box: 1.5 4.25 9.15 1.75 4.5 12 cover
#box: 1.5 4.5 9.2 1.75 4.75 12 cover
#box: 1.5 4.75 9.2 1.75 5 12 cover
#box: 1.5 5 9.25 1.75 5.25 12 cover
#box: 1.5 5.25 9.25 1.75 5.5 12 cover
#box: 1.5 5.5 9.25 1.75 5.75 12 cover
#box: 1.5 5.75 9.25 1.75 6 12 cover
#box: 1.5 6 9.25 1.75 6.25 12 cover
#box: 1.5 6.25 9.25 1.75 6.5 12 cover
#box: 1.5 6.5 9.2 1.75 6.75 12 cover
#box: 1.5 6.75 9.2 1.75 7 12 cover
#box: 1.5 7 9.15 1.75 7.25 12 cover
#box: 1.5 7.25 9.15 1.75 7.5 12 cover
#box: 1.5 7.5 9.1 1.75 7.75 12 cover
#box: 1.5 7.75 9.05 1.75 8 12 cover
#box: 1.5 8 9.05 1.75 8.25 12 cover
#box: 1.5 8.25 9 1.75 8.5 12 cover
#box: 1.5 8.5 9 1.75 8.75 12 cover
#box: 1.5 8.75 9 1.75 9 12 cover
#box: 1.5 9 9 1.75 9.25 12 cover
#box: 1.5 9.25 9 1.75 9.5 12 cover
#box: 1.5 9.5 9 1.75 9.75 12 cover
#box: 1.5 9.75 9 1.75 10 12 cover
#box: 1.5 10 9.05 1.75 10.25 12 cover
#box: 1.5 10.25 9.1 1.75 10.5 12 cover
#box: 1.5 10.5 9.1 1.75 10.75 12 cover
#box: 1.5 10.75 9.15 1.75 11 12 cover
#box: 1.75 1 8.9 2 1.25 12 cover
#box: 1.75 1.25 8.9 2 1.5 12 cover
#box: 1.75 1.5 8.85 2 1.75 12 cover
#box: 1.75 1.75 8.85 2 2 12 cover
#box: 1.75 2 8.85 2 2.25 12 cover
#box: 1.75 2.25 8.85 2 2.5 12 cover
#box: 1.75 2.5 8.85 2 2.75 12 cover
#box: 1.75 2.75 8.85 2 3 12 cover
#box: 1.75 3 8.9 2 3.25 12 cover
#box: 1.75 3.25 8.95 2 3.5 12 cover
#box: 1.75 3.5 9 2 3.75 12 cover
#box: 1.75 3.75 9.05 2 4 12 cover
#box: 1.75 4 9.1 2 4.25 12 cover
#box: 1.75 4.25 9.15 2 4.5 12 cover
#box: 1.75 4.5 9.2 2 4.75 12 cover
#box: 1.75 4.75 9.25 2 5 12 cover
#box: 1.75 5 9.25 2 5.25 12 cover
#box: 1.75 5.25 9.3 2 5.5 12 cover
#box: 1.75 5.5 9.3 2 5.75 12 cover
#box: 1.75 5.75 9.3 2 6 12 cover
#box: 1.75 6 9.3 2 6.25 12 cover
#box: 1.75 6.25 9.25 2 6.5 12 cover
#box: 1.75 6.5 9.25 2 6.75 12 cover
#box: 1.75 6.75 9.2 2 7 12 cover
#box: 1.75 7 9.2 2 7.25 12 cover
#box: 1.75 7.25 9.15 2 7.5 12 cover
#box: 1.75 7.5 9.1 2 7.75 12 cover
#box: 1.75 7.75 9.1 2 8 12 cover
#box: 1.75 8 9.05 2 8.25 12 cover
#box: 1.75 8.25 9.05 2 8.5 12 cover
#box: 1.75 8.5 9 2 8.75 12 cover
#box: 1.75 8.75 9 2 9 12 cover
#box: 1.75 9 9 2 9.25 12 cover
#box: 1.75 9.25 9 2 9.5 12 cover
#box: 1.75 9.5 9.05 2 9.75 12 cover
#box: 1.75 9.75 9.05 2 10 12 cover
#box: 1.75 10 9.1 2 10.25 12 cover
#box: 1.75 10.25 9.1 2 10.5 12 cover
#box: 1.75 10.5 9.15 2 10.75 12 cover
#box: 1.75 10.75 9.2 2 11 12 cover
#box: 2 1 8.85 2.25 1.25 12 cover
#box: 2 1.25 8.85 2.25 1.5 12 cover
#box: 2 1.5 8.85 2.25 1.75 12 cover
#box: 2 1.75 8.8 2.25 2 12 cover
#box: 2 2 8.8 2.25 2.25 12 cover
#box: 2 2.25 8.8 2.25 2.5 12 cover
#box: 2 2.5 8.85 2.25 2.75 12 cover
#box: 2 2.75 8.85 2.25 3 12 cover
#box: 2 3 8.9 2.25 3.25 12 cover
#box: 2 3.25 8.95 2.25 3.5 12 cover
#box: 2 3.5 9 2.25 3.75 12 cover
#box: 2 3.75 9.05 2.25 4 12 cover
#box: 2 4 9.1 2.25 4.25 12 cover
#box: 2 4.25 9.15 2.25 4.5 12 cover
#box: 2 4.5 9.2 2.25 4.75 12 cover
#box: 2 4.75 9.25 2.25 5 12 cover
#box: 2 5 9.3 2.25 5.25 12 cover
#box: 2 5.25 9.3 2.25 5.5 12 cover
#box: 2 5.5 9.3 2.25 5.75 12 cover
#box: 2 5.75 9.3 2.25 6 12 cover
#box: 2 6 9.3 2.25 6.25 12 cover
#box: 2 6.25 9.3 2.25 6.5 12 cover
#box: 2 6.5 9.25 2.25 6.75 12 cover
#box: 2 6.75 9.2 2.25 7 12 cover
#box: 2 7 9.2 2.25 7.25 12 cover
#box: 2 7.25 9.15 2.25 7.5 12 cover
#box: 2 7.5 9.1 2.25 7.75 12 cover
#box: 2 7.75 9.1 2.25 8 12 cover
#box: 2 8 9.05 2.25 8.25 12 cover
#box: 2 8.25 9.05 2.25 8.5 12 cover
#box: 2 8.5 9.05 2.25 8.75 12 cover
#box: 2 8.75 9 2.25 9 12 cover
#box: 2 9 9 2.25 9.25 12 cover
#box: 2 9.25 9.05 2.25 9.5 12 cover
#box: 2 9.5 9.05 2.25 9.75 12 cover
#box: 2 9.75 9.1 2.25 10 12 cover
#box: 2 10 9.1 2.25 10.25 12 cover
#box: 2 10.25 9.15 2.25 10.5 12 cover
#box: 2 10.5 9.2 2.25 10.75 12 cover
#box: 2 10.75 9.2 2.25 11 12 cover
#box: 2.25 1 8.85 2.5 1.25 12 cover
#box: 2.25 1.25 8.8 2.5 1.5 12 cover
#box: 2.25 1.5 8.8 2.5 1.75 12 cover
#box: 2.25 1.75 8.8 2.5 2 12 cover
#box: 2.25 2 8.8 2.5 2.25 12 cover
#box: 2.25 2.25 8.8 2.5 2.5 12 cover
#box: 2.25 2.5 8.8 2.5 2.75 12 cover
#box: 2.25 2.75 8.85 2.5 3 12 cover
#box: 2.25 3 8.9 2.5 3.25 12 cover
#box: 2.25 3.25 8.95 2.5 3.5 12 cover
#box: 2.25 3.5 9 2.5 3.75 12 cover
#box: 2.25 3.75 9.05 2.5 4 12 cover
#box: 2.25 4 9.1 2.5 4.25 12 cover
#box: 2.25 4.25 9.15 2.5 4.5 12 cover
#box: 2.25 4.5 9.25 2.5 4.75 12 cover
#box: 2.25 4.75 9.25 2.5 5 12 cover
#box: 2.25 5 9.3 2.5 5.25 12 cover
#box: 2.25 5.25 9.3 2.5 5.5 12 cover
#box: 2.25 5.5 9.3 2.5 5.75 12 cover
#box: 2.25 5.75 9.3 2.5 6 12 cover
#box: 2.25 6 9.3 2.5 6.25 12 cover
#box: 2.25 6.25 9.3 2.5 6.5 12 cover
#box: 2.25 6.5 9.25 2.5 6.75 12 cover
#box: 2.25 6.75 9.2 2.5 7 12 cover
#box: 2.25 7 9.2 2.5 7.25 12 cover
#box: 2.25 7.25 9.15 2.5 7.5 12 cover
#box: 2.25 7.5 9.1 2.5 7.75 12 cover
#box: 2.25 7.75 9.1 2.5 8 12 cover
#box: 2.25 8 9.05 2.5 8.25 12 cover
#box: 2.25 8.25 9.05 2.5 8.5 12 cover
#box: 2.25 8.5 9.05 2.5 8.75 12 cover
#box: 2.25 8.75 9.05 2.5 9 12 cover
#box: 2.25 9 9.05 2.5 9.25 12 cover
#box: 2.25 9.25 9.05 2.5 9.5 12 cover
#box: 2.25 9.5 9.05 2.5 9.75 12 cover
#box: 2.25 9.75 9.1 2.5 10 12 cover
#box: 2.25 10 9.15 2.5 10.25 12 cover
#box: 2.25 10.25 9.15 2.5 10.5 12 cover
#box: 2.25 10.5 9.2 2.5 10.75 12 cover
#box: 2.25 10.75 9.25 2.5 11 12 cover
#box: 2.5 1 8.8 2.75 1.25 12 cover
#box: 2.5 1.25 8.8 2.75 1.5 12 cover
#box: 2.5 1.5 8.8 2.75 1.75 12 cover
#box: 2.5 1.75 8.75 2.75 2 12 cover
#box: 2.5 2 8.75 2.75 2.25 12 cover
#box: 2.5 2.25 8.75 2.75 2.5 12 cover
#box: 2.5 2.5 8.8 2.75 2.75 12 cover
#box: 2.5 2.75 8.8 2.75 3 12 cover
#box: 2.5 3 8.85 2.75 3.25 12 cover
#box: 2.5 3.25 8.9 2.75 3.5 12 cover
#box: 2.5 3.5 9 2.75 3.75 12 cover
#box: 2.5 3.75 9.05 2.75 4 12 cover
#box: 2.5 4 9.1 2.75 4.25 12 cover
#box: 2.5 4.25 9.15 2.75 4.5 12 cover
#box: 2.5 4.5 9.2 2.75 4.75 12 cover
#box: 2.5 4.75 9.25 2.75 5 12 cover
#box: 2.5 5 9.3 2.75 5.25 12 cover
#box: 2.5 5.25 9.3 2.75 5.5 12 cover
#box: 2.5 5.5 9.3 2.75 5.75 12 cover
#box: 2.5 5.75 9.3 2.75 6 12 cover
#box: 2.5 6 9.3 2.75 6.25 12 cover
#box: 2.5 6.25 9.25 2.75 6.5 12 cover
#box: 2.5 6.5 9.25 2.75 6.75 12 cover
#box: 2.5 6.75 9.2 2.75 7 12 cover
#box: 2.5 7 9.15 2.75 7.25 12 cover
#box: 2.5 7.25 9.15 2.75 7.5 12 cover
#box: 2.5 7.5 9.1 2.75 7.75 12 cover
#box: 2.5 7.75 9.1 2.75 8 12 cover
#box: 2.5 8 9.05 2.75 8.25 12 cover
#box: 2.5 8.25 9.05 2.75 8.5 12 cover
#box: 2.5 8.5 9.05 2.75 8.75 12 cover
#box: 2.5 8.75 9.05 2.75 9 12 cover
#box: 2.5 9 9.05 2.75 9.25 12 cover
#box: 2.5 9.25 9.05 2.75 9.5 12 cover
#box: 2.5 9.5 9.1 2.75 9.75 12 cover
#box: 2.5 9.75 9.1 2.75 10 12 cover
#box: 2.5 10 9.15 2.75 10.25 12 cover
#box: 2.5 10.25 9.2 2.75 10.5 12 cover
#box: 2.5 10.5 9.2 2.75 10.75 12 cover
#box: 2.5 10.75 9.25 2.75 11 12 cover
#box: 2.75 1 8.8 3 1.25 12 cover
#box: 2.75 1.25 8.75 3 1.5 12 cover
#box: 2.75 1.5 8.75 3 1.75 12 cover
#box: 2.75 1.75 8.75 3 2 12 cover
#box: 2.75 2 8.75 3 2.25 12 cover
#box: 2.75 2.25 8.75 3 2.5 12 cover
#box: 2.75 2.5 8.75 3 2.75 12 cover
#box: 2.75 2.75 8.8 3 3 12 cover
#box: 2.75 3 8.85 3 3.25 12 cover
#box: 2.75 3.25 8.9 3 3.5 12 cover
#box: 2.75 3.5 8.95 3 3.75 12 cover
#box: 2.75 3.75 9 3 4 12 cover
#box: 2.75 4 9.1 3 4.25 12 cover
#box: 2.75 4.25 9.15 3 4.5 12 cover
#box: 2.75 4.5 9.2 3 4.75 12 cover
#box: 2.75 4.75 9.25 3 5 12 cover
#box: 2.75 5 9.25 3 5.25 12 cover
#box: 2.75 5.25 9.3 3 5.5 12 cover
#box: 2.75 5.5 9.3 3 5.75 12 cover
#box: 2.75 5.75 9.3 3 6 12 cover
#box: 2.75 6 9.25 3 6.25 12 cover
#box: 2.75 6.25 9.25 3 6.5 12 cover
#box: 2.75 6.5 9.2 3 6.75 12 cover
#box: 2.75 6.75 9.2 3 7 12 cover
#box: 2.75 7 9.15 3 7.25 12 cover
#box: 2.75 7.25 9.1 3 7.5 12 cover
#box: 2.75 7.5 9.1 3 7.75 12 cover
#box: 2.75 7.75 9.05 3 8 12 cover
#box: 2.75 8 9.05 3 8.25 12 cover
#box: 2.75 8.25 9 3 8.5 12 cover
#box: 2.75 8.5 9 3 8.75 12 cover
#box: 2.75 8.75 9 3 9 12 cover
#box: 2.75 9 9.05 3 9.25 12 cover
#box: 2.75 9.25 9.05 3 9.5 12 cover
#box: 2.75 9.5 9.1 3 9.75 12 cover
#box: 2.75 9.75 9.1 3 10 12 cover
#box: 2.75 10 9.15 3 10.25 12 cover
#box: 2.75 10.25 9.2 3 10.5 12 cover
#box: 2.75 10.5 9.2 3 10.75 12 cover
#box: 2.75 10.75 9.25 3 11 12 cover
#box: 3 1 8.75 3.25 1.25 12 cover
#box: 3 1.25 8.75 3.25 1.5 12 cover
#box: 3 1.5 8.75 3.25 1.75 12 cover
#box: 3 1.75 8.7 3.25 2 12 cover
#box: 3 2 8.7 3.25 2.25 12 cover
#box: 3 2.25 8.75 3.25 2.5 12 cover
#box: 3 2.5 8.75 3.25 2.75 12 cover
#box: 3 2.75 8.75 3.25 3 12 cover
#box: 3 3 8.8 3.25 3.25 12 cover
#box: 3 3.25 8.85 3.25 3.5 12 cover
#box: 3 3.5 8.95 3.25 3.75 12 cover
#box: 3 3.75 9 3.25 4 12 cover
#box: 3 4 9.05 3.25 4.25 12 cover
#box: 3 4.25 9.1 3.25 4.5 12 cover
#box: 3 4.5 9.15 3.25 4.75 12 cover
#box: 3 4.75 9.2 3.25 5 12 cover
#box: 3 5 9.25 3.25 5.25 12 cover
#box: 3 5.25 9.25 3.25 5.5 12 cover
#box: 3 5.5 9.25 3.25 5.75 12 cover
#box: 3 5.75 9.25 3.25 6 12 cover
#box: 3 6 9.25 3.25 6.25 12 cover
#box: 3 6.25 9.2 3.25 6.5 12 cover
#box: 3 6.5 9.2 3.25 6.75 12 cover
#box: 3 6.75 9.15 3.25 7 12 cover
#box: 3 7 9.1 3.25 7.25 12 cover
#box: 3 7.25 9.1 3.25 7.5 12 cover
#box: 3 7.5 9.05 3.25 7.75 12 cover
#box: 3 7.75 9.05 3.25 8 12 cover
#box: 3 8 9 3.25 8.25 12 cover
#box: 3 8.25 9 3.25 8.5 12 cover
#box: 3 8.5 9 3.25 8.75 12 cover
#box: 3 8.75 9 3.25 9 12 cover
#box: 3 9 9 3.25 9.25 12 cover
#box: 3 9.25 9.05 3.25 9.5 12 cover
#box: 3 9.5 9.05 3.25 9.75 12 cover
#box: 3 9.75 9.1 3.25 10 12 cover
#box: 3 10 9.15 3.25 10.25 12 cover
#box: 3 10.25 9.15 3.25 10.5 12 cover
#box: 3 10.5 9.2 3.25 10.75 12 cover
#box: 3 10.75 9.25 3.25 11 12 cover
#box: 3.25 1 8.75 3.5 1.25 12 cover
#box: 3.25 1.25 8.75 3.5 1.5 12 cover
#box: 3.25 1.5 8.7 3.5 1.75 12 cover
#box: 3.25 1.75 8.7 3.5 2 12 cover
#box: 3.25 2 8.7 3.5 2.25 12 cover
#box: 3.25 2.25 8.7 3.5 2.5 12 cover
#box: 3.25 2.5 8.7 3.5 2.75 12 cover
#box: 3.25 2.75 8.75 3.5 3 12 cover
#box: 3.25 3 8.8 3.5 3.25 12 cover
#box: 3.25 3.25 8.85 3.5 3.5 12 cover
#box: 3.25 3.5 8.9 3.5 3.75 12 cover
#box: 3.25 3.75 8.95 3.5 4 12 cover
#box: 3.25 4 9 3.5 4.25 12 cover
#box: 3.25 4.25 9.1 3.5 4.5 12 cover
#box: 3.25 4.5 9.15 3.5 4.75 12 cover
#box: 3.25 4.75 9.15 3.5 5 12 cover
#box: 3.25 5 9.2 3.5 5.25 12 cover
#box: 3.25 5.25 9.2 3.5 5.5 12 cover
#box: 3.25 5.5 9.2 3.5 5.75 12 cover
#box: 3.25 5.75 9.2 3.5 6 12 cover
#box: 3.25 6 9.2 3.5 6.25 12 cover
#box: 3.25 6.25 9.15 3.5 6.5 12 cover
#box: 3.25 6.5 9.15 3.5 6.75 12 cover
#box: 3.25 6.75 9.1 3.5 7 12 cover
#box: 3.25 7 9.1 3.5 7.25 12 cover
#box: 3.25 7.25 9.05 3.5 7.5 12 cover
#box: 3.25 7.5 9.05 3.5 7.75 12 cover
#box: 3.25 7.75 9 3.5 8 12 cover
#box: 3.25 8 9 3.5 8.25 12 cover
#box: 3.25 8.25 9 3.5 8.5 12 cover
#box: 3.25 8.5 9 3.5 8.75 12 cover
#box: 3.25 8.75 9 3.5 9 12 cover
#box: 3.25 9 9 3.5 9.25 12 cover
#box: 3.25 9.25 9 3.5 9.5 12 cover
#box: 3.25 9.5 9.05 3.5 9.75 12 cover
#box: 3.25 9.75 9.1 3.5 10 12 cover
#box: 3.25 10 9.1 3.5 10.25 12 cover
#box: 3.25 10.25 9.15 3.5 10.5 12 cover
#box: 3.25 10.5 9.2 3.5 10.75 12 cover
#box: 3.25 10.75 9.2 3.5 11 12 cover
#box: 3.5 1 8.75 3.75 1.25 12 cover
#box: 3.5 1.25 8.75 3.75 1.5 12 cover
#box: 3.5 1.5 8.7 3.75 1.75 12 cover
#box: 3.5 1.75 8.7 3.75 2 12 cover
#box: 3.5 2 8.7 3.75 2.25 12 cover
#box: 3.5 2.25 8.7 3.75 2.5 12 cover
#box: 3.5 2.5 8.7 3.75 2.75 12 cover
#box: 3.5 2.75 8.7 3.75 3 12 cover
#box: 3.5 3 8.75 3.75 3.25 12 cover
#box: 3.5 3.25 8.8 3.75 3.5 12 cover
#box: 3.5 3.5 8.85 3.75 3.75 12 cover
#box: 3.5 3.75 8.9 3.75 4 12 cover
#box: 3.5 4 9 3.75 4.25 12 cover
#box: 3.5 4.25 9.05 3.75 4.5 12 cover
#box: 3.5 4.5 9.1 3.75 4.75 12 cover
#box: 3.5 4.75 9.15 3.75 5 12 cover
#box: 3.5 5 9.15 3.75 5.25 12 cover
#box: 3.5 5.25 9.15 3.75 5.5 12 cover
#box: 3.5 5.5 9.2 3.75 5.75 12 cover
#box: 3.5 5.75 9.15 3.75 6 12 cover
#box: 3.5 6 9.15 3.75 6.25 12 cover
#box: 3.5 6.25 9.15 3.75 6.5 12 cover
#box: 3.5 6.5 9.1 3.75 6.75 12 cover
#box: 3.5 6.75 9.1 3.75 7 12 cover
#box: 3.5 7 9.05 3.75 7.25 12 cover
#box: 3.5 7.25 9 3.75 7.5 12 cover
#box: 3.5 7.5 9 3.75 7.75 12 cover
#box: 3.5 7.75 9 3.75 8 12 cover
#box: 3.5 8 8.95 3.75 8.25 12 cover
#box: 3.5 8.25 8.95 3.75 8.5 12 cover
#box: 3.5 8.5 8.95 3.75 8.75 12 cover
#box: 3.5 8.75 8.95 3.75 9 12 cover
#box: 3.5 9 9 3.75 9.25 12 cover
#box: 3.5 9.25 9 3.75 9.5 12 cover
#box: 3.5 9.5 9 3.75 9.75 12 cover
#box: 3.5 9.75 9.05 3.75 10 12 cover
#box: 3.5 10 9.1 3.75 10.25 12 cover
#box: 3.5 10.25 9.15 3.75 10.5 12 cover
#box: 3.5 10.5 9.15 3.75 10.75 12 cover
#box: 3.5 10.75 9.2 3.75 11 12 cover
#box: 3.75 1 8.75 4 1.25 12 cover
#box: 3.75 1.25 8.7 4 1.5 12 cover
#box: 3.75 1.5 8.7 4 1.75 12 cover
#box: 3.75 1.75 8.7 4 2 12 cover
#box: 3.75 2 8.65 4 2.25 12 cover
#box: 3.75 2.25 8.65 4 2.5 12 cover
#box: 3.75 2.5 8.65 4 2.75 12 cover
#box: 3.75 2.75 8.7 4 3 12 cover
#box: 3.75 3 8.75 4 3.25 12 cover
#box: 3.75 3.25 8.75 4 3.5 12 cover
#box: 3.75 3.5 8.85 4 3.75 12 cover
#box: 3.75 3.75 8.9 4 4 12 cover
#box: 3.75 4 8.95 4 4.25 12 cover
#box: 3.75 4.25 9 4 4.5 12 cover
#box: 3.75 4.5 9.05 4 4.75 12 cover
#box: 3.75 4.75 9.1 4 5 12 cover
#box: 3.75 5 9.1 4 5.25 12 cover
#box: 3.75 5.25 9.15 4 5.5 12 cover
#box: 3.75 5.5 9.15 4 5.75 12 cover
#box: 3.75 5.75 9.15 4 6 12 cover
#box: 3.75 6 9.1 4 6.25 12 cover
#box: 3.75 6.25 9.1 4 6.5 12 cover
#box: 3.75 6.5 9.05 4 6.75 12 cover
#box: 3.75 6.75 9.05 4 7 12 cover
#box: 3.75 7 9 4 7.25 12 cover
#box: 3.75 7.25 9 4 7.5 12 cover
#box: 3.75 7.5 8.95 4 7.75 12 cover
#box: 3.75 7.75 8.95 4 8 12 cover
#box: 3.75 8 8.95 4 8.25 12 cover
#box: 3.75 8.25 8.95 4 8.5 12 cover
#box: 3.75 8.5 8.95 4 8.75 12 cover
#box: 3.75 8.75 8.95 4 9 12 cover
#box: 3.75 9 8.95 4 9.25 12 cover
#box: 3.75 9.25 8.95 4 9.5 12 cover
#box: 3.75 9.5 9 4 9.75 12 cover
#box: 3.75 9.75 9.05 4 10 12 cover
#box: 3.75 10 9.05 4 10.25 12 cover
#box: 3.75 10.25 9.1 4 10.5 12 cover
#box: 3.75 10.5 9.15 4 10.75 12 cover
#box: 3.75 10.75 9.15 4 11 12 cover
#box: 4 1 8.75 4.25 1.25 12 cover
#box: 4 1.25 8.7 4.25 1.5 12 cover
#box: 4 1.5 8.7 4.25 1.75 12 cover
#box: 4 1.75 8.65 4.25 2 12 cover
#box: 4 2 8.65 4.25 2.25 12 cover
#box: 4 2.25 8.65 4.25 2.5 12 cover
#box: 4 2.5 8.65 4.25 2.75 12 cover
#box: 4 2.75 8.65 4.25 3 12 cover
#box: 4 3 8.7 4.25 3.25 12 cover
#box: 4 3.25 8.75 4.25 3.5 12 cover
#box: 4 3.5 8.8 4.25 3.75 12 cover
#box: 4 3.75 8.85 4.25 4 12 cover
#box: 4 4 8.9 4.25 4.25 12 cover
#box: 4 4.25 8.95 4.25 4.5 12 cover
#box: 4 4.5 9 4.25 4.75 12 cover
#box: 4 4.75 9.05 4.25 5 12 cover
#box: 4 5 9.05 4.25 5.25 12 cover
#box: 4 5.25 9.1 4.25 5.5 12 cover
#box: 4 5.5 9.1 4.25 5.75 12 cover
#box: 4 5.75 9.1 4.25 6 12 cover
#box: 4 6 9.05 4.25 6.25 12 cover
#box: 4 6.25 9.05 4.25 6.5 12 cover
#box: 4 6.5 9.05 4.25 6.75 12 cover
#box: 4 6.75 9 4.25 7 12 cover
#box: 4 7 9 4.25 7.25 12 cover
#box: 4 7.25 8.95 4.25 7.5 12 cover
#box: 4 7.5 8.95 4.25 7.75 12 cover
#box: 4 7.75 8.95 4.25 8 12 cover
#box: 4 8 8.9 4.25 8.25 12 cover
#box: 4 8.25 8.9 4.25 8.5 12 cover
#box: 4 8.5 8.9 4.25 8.75 12 cover
#box: 4 8.75 8.9 4.25 9 12 cover
#box: 4 9 8.95 4.25 9.25 12 cover
#box: 4 9.25 8.95 4.25 9.5 12 cover
#box: 4 9.5 8.95 4.25 9.75 12 cover
#box: 4 9.75 9 4.25 10 12 cover
#box: 4 10 9 4.25 10.25 12 cover
#box: 4 10.25 9.05 4.25 10.5 12 cover
#box: 4 10.5 9.1 4.25 10.75 12 cover
#box: 4 10.75 9.15 4.25 11 12 cover
#box: 4.25 1 8.75 4.5 1.25 12 cover
#box: 4.25 1.25 8.7 4.5 1.5 12 cover
#box: 4.25 1.5 8.7 4.5 1.75 12 cover
#box: 4.25 1.75 8.65 4.5 2 12 cover
#box: 4.25 2 8.65 4.5 2.25 12 cover
#box: 4.25 2.25 8.65 4.5 2.5 12 cover
#box: 4.25 2.5 8.65 4.5 2.75 12 cover
#box: 4.25 2.75 8.65 4.5 3 12 cover
#box: 4.25 3 8.7 4.5 3.25 12 cover
#box: 4.25 3.25 8.7 4.5 3.5 12 cover
#box: 4.25 3.5 8.75 4.5 3.75 12 cover
#box: 4.25 3.75 8.85 4.5 4 12 cover
#box: 4.25 4 8.9 4.5 4.25 12 cover
#box: 4.25 4.25 8.95 4.5 4.5 12 cover
#box: 4.25 4.5 9 4.5 4.75 12 cover
#box: 4.25 4.75 9 4.5 5 12 cover
#box: 4.25 5 9.05 4.5 5.25 12 cover
#box: 4.25 5.25 9.05 4.5 5.5 12 cover
#box: 4.25 5.5 9.05 4.5 5.75 12 cover
#box: 4.25 5.75 9.05 4.5 6 12 cover
#box: 4.25 6 9.05 4.5 6.25 12 cover
#box: 4.25 6.25 9 4.5 6.5 12 cover
#box: 4.25 6.5 9 4.5 6.75 12 cover
#box: 4.25 6.75 9 4.5 7 12 cover
#box: 4.25 7 8.95 4.5 7.25 12 cover
#box: 4.25 7.25 8.95 4.5 7.5 12 cover
#box: 4.25 7.5 8.95 4.5 7.75 12 cover
#box: 4.25 7.75 8.9 4.5 8 12 cover
#box: 4.25 8 8.9 4.5 8.25 12 cover
#box: 4.25 8.25 8.9 4.5 8.5 12 cover
#box: 4.25 8.5 8.9 4.5 8.75 12 cover
#box: 4.25 8.75 8.9 4.5 9 12 cover
#box: 4.25 9 8.9 4.5 9.25 12 cover
#box: 4.25 9.25 8.9 4.5 9.5 12 cover
#box: 4.25 9.5 8.95 4.5 9.75 12 cover
#box: 4.25 9.75 8.95 4.5 10 12 cover
#box: 4.25 10 9 4.5 10.25 12 cover
#box: 4.25 10.25 9 4.5 10.5 12 cover
#box: 4.25 10.5 9.05 4.5 10.75 12 cover
#box: 4.25 10.75 9.1 4.5 11 12 cover
#box: 4.5 1 8.75 4.75 1.25 12 cover
#box: 4.5 1.25 8.7 4.75 1.5 12 cover
#box: 4.5 1.5 8.65 4.75 1.75 12 cover
#box: 4.5 1.75 8.65 4.75 2 12 cover
#box: 4.5 2 8.65 4.75 2.25 12 cover
#box: 4.5 2.25 8.6 4.75 2.5 12 cover
#box: 4.5 2.5 8.6 4.75 2.75 12 cover
#box: 4.5 2.75 8.65 4.75 3 12 cover
#box: 4.5 3 8.65 4.75 3.25 12 cover
#box: 4.5 3.25 8.7 4.75 3.5 12 cover
#box: 4.5 3.5 8.75 4.75 3.75 12 cover
#box: 4.5 3.75 8.8 4.75 4 12 cover
#box: 4.5 4 8.85 4.75 4.25 12 cover
#box: 4.5 4.25 8.9 4.75 4.5 12 cover
#box: 4.5 4.5 8.95 4.75 4.75 12 cover
#box: 4.5 4.75 9 4.75 5 12 cover
#box: 4.5 5 9 4.75 5.25 12 cover
#box: 4.5 5.25 9 4.75 5.5 12 cover
#box: 4.5 5.5 9 4.75 5.75 12 cover
#box: 4.5 5.75 9 4.75 6 12 cover
#box: 4.5 6 9 4.75 6.25 12 cover
#box: 4.5 6.25 9 4.75 6.5 12 cover
#box: 4.5 6.5 9 4.75 6.75 12 cover
#box: 4.5 6.75 8.95 4.75 7 12 cover
#box: 4.5 7 8.95 4.75 7.25 12 cover
#box: 4.5 7.25 8.95 4.75 7.5 12 cover
#box: 4.5 7.5 8.9 4.75 7.75 12 cover
#box: 4.5 7.75 8.9 4.75 8 12 cover
#box: 4.5 8 8.9 4.75 8.25 12 cover
#box: 4.5 8.25 8.9 4.75 8.5 12 cover
#box: 4.5 8.5 8.9 4.75 8.75 12 cover
#box: 4.5 8.75 8.9 4.75 9 12 cover
#box: 4.5 9 8.9 4.75 9.25 12 cover
#box: 4.5 9.25 8.9 4.75 9.5 12 cover
#box: 4.5 9.5 8.9 4.75 9.75 12 cover
#box: 4.5 9.75 8.95 4.75 10 12 cover
#box: 4.5 10 8.95 4.75 10.25 12 cover
#box: 4.5 10.25 9 4.75 10.5 12 cover
#box: 4.5 10.5 9 4.75 10.75 12 cover
#box: 4.5 10.75 9.05 4.75 11 12 cover
#box: 4.75 1 8.7 5 1.25 12 cover
#box: 4.75 1.25 8.7 5 1.5 12 cover
#box: 4.75 1.5 8.65 5 1.75 12 cover
#box: 4.75 1.75 8.65 5 2 12 cover
#box: 4.75 2 8.6 5 2.25 12 cover
#box: 4.75 2.25 8.6 5 2.5 12 cover
#box: 4.75 2.5 8.6 5 2.75 12 cover
#box: 4.75 2.75 8.65 5 3 12 cover
#box: 4.75 3 8.65 5 3.25 12 cover
#box: 4.75 3.25 8.7 5 3.5 12 cover
#box: 4.75 3.5 8.75 5 3.75 12 cover
#box: 4.75 3.75 8.8 5 4 12 cover
#box: 4.75 4 8.85 5 4.25 12 cover
#box: 4.75 4.25 8.9 5 4.5 12 cover
#box: 4.75 4.5 8.95 5 4.75 12 cover
#box: 4.75 4.75 8.95 5 5 12 cover
#box: 4.75 5 9 5 5.25 12 cover
#box: 4.75 5.25 9 5 5.5 12 cover
#box: 4.75 5.5 9 5 5.75 12 cover
#box: 4.75 5.75 9 5 6 12 cover
#box: 4.75 6 9 5 6.25 12 cover
#box: 4.75 6.25 9 5 6.5 12 cover
#box: 4.75 6.5 8.95 5 6.75 12 cover
#box: 4.75 6.75 8.95 5 7 12 cover
#box: 4.75 7 8.95 5 7.25 12 cover
#box: 4.75 7.25 8.95 5 7.5 12 cover
#box: 4.75 7.5 8.9 5 7.75 12 cover
#box: 4.75 7.75 8.9 5 8 12 cover
#box: 4.75 8 8.9 5 8.25 12 cover
#box: 4.75 8.25 8.9 5 8.5 12 cover
#box: 4.75 8.5 8.9 5 8.75 12 cover
#box: 4.75 8.75 8.9 5 9 12 cover
#box: 4.75 9 8.9 5 9.25 12 cover
#box: 4.75 9.25 8.9 5 9.5 12 cover
#box: 4.75 9.5 8.9 5 9.75 12 cover
#box: 4.75 9.75 8.9 5 10 12 cover
#box: 4.75 10 8.9 5 10.25 12 cover
#box: 4.75 10.25 8.95 5 10.5 12 cover
#box: 4.75 10.5 9 5 10.75 12 cover
#box: 4.75 10.75 9 5 11 12 cover
#box: 5 1 8.7 5.25 1.25 12 cover
#box: 5 1.25 8.7 5.25 1.5 12 cover
#box: 5 1.5 8.65 5.25 1.75 12 cover
#box: 5 1.75 8.65 5.25 2 12 cover
#box: 5 2 8.6 5.25 2.25 12 cover
#box: 5 2.25 8.6 5.25 2.5 12 cover
#box: 5 2.5 8.6 5.25 2.75 12 cover
#box: 5 2.75 8.65 5.25 3 12 cover
#box: 5 3 8.65 5.25 3.25 12 cover
#box: 5 3.25 8.7 5.25 3.5 12 cover
#box: 5 3.5 8.75 5.25 3.75 12 cover
#box: 5 3.75 8.8 5.25 4 12 cover
#box: 5 4 8.85 5.25 4.25 12 cover
#box: 5 4.25 8.85 5.25 4.5 12 cover
#box: 5 4.5 8.9 5.25 4.75 12 cover
#box: 5 4.75 8.95 5.25 5 12 cover
#box: 5 5 8.95 5.25 5.25 12 cover
#box: 5 5.25 9 5.25 5.5 12 cover
#box: 5 5.5 9 5.25 5.75 12 cover
#box: 5 5.75 9 5.25 6 12 cover
#box: 5 6 9 5.25 6.25 12 cover
#box: 5 6.25 8.95 5.25 6.5 12 cover
#box: 5 6.5 8.95 5.25 6.75 12 cover
#box: 5 6.75 8.95 5.25 7 12 cover
#box: 5 7 8.95 5.25 7.25 12 cover
#box: 5 7.25 8.95 5.25 7.5 12 cover
#box: 5 7.5 8.95 5.25 7.75 12 cover
#box: 5 7.75 8.9 5.25 8 12 cover
#box: 5 8 8.9 5.25 8.25 12 cover
#box: 5 8.25 8.9 5.25 8.5 12 cover
#box: 5 8.5 8.9 5.25 8.75 12 cover
#box: 5 8.75 8.9 5.25 9 12 cover
#box: 5 9 8.9 5.25 9.25 12 cover
#box: 5 9.25 8.9 5.25 9.5 12 cover
#box: 5 9.5 8.9 5.25 9.75 12 cover
#box: 5 9.75 8.9 5.25 10 12 cover
#box: 5 10 8.9 5.25 10.25 12 cover
#box: 5 10.25 8.9 5.25 10.5 12 cover
#box: 5 10.5 8.95 5.25 10.75 12 cover
#box: 5 10.75 8.95 5.25 11 12 cover
#box: 5.25 1 8.75 5.5 1.25 12 cover
#box: 5.25 1.25 8.7 5.5 1.5 12 cover
#box: 5.25 1.5 8.65 5.5 1.75 12 cover
#box: 5.25 1.75 8.65 5.5 2 12 cover
#box: 5.25 2 8.65 5.5 2.25 12 cover
#box: 5.25 2.25 8.6 5.5 2.5 12 cover
#box: 5.25 2.5 8.65 5.5 2.75 12 cover
#box: 5.25 2.75 8.65 5.5 3 12 cover
#box: 5.25 3 8.65 5.5 3.25 12 cover
#box: 5.25 3.25 8.7 5.5 3.5 12 cover
#box: 5.25 3.5 8.75 5.5 3.75 12 cover
#box: 5.25 3.75 8.8 5.5 4 12 cover
#box: 5.25 4 8.8 5.5 4.25 12 cover
#box: 5.25 4.25 8.85 5.5 4.5 12 cover
#box: 5.25 4.5 8.9 5.5 4.75 12 cover
#box: 5.25 4.75 8.95 5.5 5 12 cover
#box: 5.25 5 8.95 5.5 5.25 12 cover
#box: 5.25 5.25 8.95 5.5 5.5 12 cover
#box: 5.25 5.5 9 5.5 5.75 12 cover
#box: 5.25 5.75 9 5.5 6 12 cover
#box: 5.25 6 9 5.5 6.25 12 cover
#box: 5.25 6.25 9 5.5 6.5 12 cover
#box: 5.25 6.5 8.95 5.5 6.75 12 cover
#box: 5.25 6.75 8.95 5.5 7 12 cover
#box: 5.25 7 8.95 5.5 7.25 12 cover
#box: 5.25 7.25 8.95 5.5 7.5 12 cover
#box: 5.25 7.5 8.95 5.5 7.75 12 cover
#box: 5.25 7.75 8.95 5.5 8 12 cover
#box: 5.25 8 8.95 5.5 8.25 12 cover
#box: 5.25 8.25 8.95 5.5 8.5 12 cover
#box: 5.25 8.5 8.9 5.5 8.75 12 cover
#box: 5.25 8.75 8.9 5.5 9 12 cover
#box: 5.25 9 8.9 5.5 9.25 12 cover
#box: 5.25 9.25 8.9 5.5 9.5 12 cover
#box: 5.25 9.5 8.9 5.5 9.75 12 cover
#box: 5.25 9.75 8.9 5.5 10 12 cover
#box: 5.25 10 8.9 5.5 10.25 12 cover
#box: 5.25 10.25 8.9 5.5 10.5 12 cover
#box: 5.25 10.5 8.9 5.5 10.75 12 cover
#box: 5.25 10.75 8.95 5.5 11 12 cover
#box: 5.5 1 8.75 5.75 1.25 12 cover
#box: 5.5 1.25 8.7 5.75 1.5 12 cover
#box: 5.5 1.5 8.7 5.75 1.75 12 cover
#box: 5.5 1.75 8.65 5.75 2 12 cover
#box: 5.5 2 8.65 5.75 2.25 12 cover
#box: 5.5 2.25 8.65 5.75 2.5 12 cover
#box: 5.5 2.5 8.65 5.75 2.75 12 cover
#box: 5.5 2.75 8.65 5.75 3 12 cover
#box: 5.5 3 8.7 5.75 3.25 12 cover
#box: 5.5 3.25 8.7 5.75 3.5 12 cover
#box: 5.5 3.5 8.75 5.75 3.75 12 cover
#box: 5.5 3.75 8.8 5.75 4 12 cover
#box: 5.5 4 8.8 5.75 4.25 12 cover
#box: 5.5 4.25 8.85 5.75 4.5 12 cover
#box: 5.5 4.5 8.9 5.75 4.75 12 cover
#box: 5.5 4.75 8.95 5.75 5 12 cover
#box: 5.5 5 8.95 5.75 5.25 12 cover
#box: 5.5 5.25 8.95 5.75 5.5 12 cover
#box: 5.5 5.5 8.95 5.75 5.75 12 cover
#box: 5.5 5.75 9 5.75 6 12 cover
#box: 5.5 6 9 5.75 6.25 12 cover
#box: 5.5 6.25 9 5.75 6.5 12 cover
#box: 5.5 6.5 9 5.75 6.75 12 cover
#box: 5.5 6.75 9 5.75 7 12 cover
#box: 5.5 7 9 5.75 7.25 12 cover
#box: 5.5 7.25 9 5.75 7.5 12 cover
#box: 5.5 7.5 9 5.75 7.75 12 cover
#box: 5.5 7.75 9 5.75 8 12 cover
#box: 5.5 8 8.95 5.75 8.25 12 cover
#box: 5.5 8.25 8.95 5.75 8.5 12 cover
#box: 5.5 8.5 8.95 5.75 8.75 12 cover
#box: 5.5 8.75 8.95 5.75 9 12 cover
#box: 5.5 9 8.9 5.75 9.25 12 cover
#box: 5.5 9.25 8.9 5.75 9.5 12 cover
#box: 5.5 9.5 8.9 5.75 9.75 12 cover
#box: 5.5 9.75 8.9 5.75 10 12 cover
#box: 5.5 10 8.9 5.75 10.25 12 cover
#box: 5.5 10.25 8.9 5.75 10.5 12 cover
#box: 5.5 10.5 8.9 5.75 10.75 12 cover
#box: 5.5 10.75 8.9 5.75 11 12 cover
#box: 5.75 1 8.8 6 1.25 12 cover
#box: 5.75 1.25 8.75 6 1.5 12 cover
#box: 5.75 1.5 8.75 6 1.75 12 cover
#box: 5.75 1.75 8.7 6 2 12 cover
#box: 5.75 2 8.7 6 2.25 12 cover
#box: 5.75 2.25 8.7 6 2.5 12 cover
#box: 5.75 2.5 8.7 6 2.75 12 cover
#box: 5.75 2.75 8.7 6 3 12 cover
#box: 5.75 3 8.7 6 3.25 12 cover
#box: 5.75 3.25 8.75 6 3.5 12 cover
#box: 5.75 3.5 8.75 6 3.75 12 cover
#box: 5.75 3.75 8.8 6 4 12 cover
#box: 5.75 4 8.85 6 4.25 12 cover
#box: 5.75 4.25 8.85 6 4.5 12 cover
#box: 5.75 4.5 8.9 6 4.75 12 cover
#box: 5.75 4.75 8.9 6 5 12 cover
#box: 5.75 5 8.95 6 5.25 12 cover
#box: 5.75 5.25 8.95 6 5.5 12 cover
#box: 5.75 5.5 8.95 6 5.75 12 cover
#box: 5.75 5.75 9 6 6 12 cover
#box: 5.75 6 9 6 6.25 12 cover
#box: 5.75 6.25 9 6 6.5 12 cover
#box: 5.75 6.5 9 6 6.75 12 cover
#box: 5.75 6.75 9 6 7 12 cover
#box: 5.75 7 9 6 7.25 12 cover
#box: 5.75 7.25 9 6 7.5 12 cover
#box: 5.75 7.5 9 6 7.75 12 cover
#box: 5.75 7.75 9 6 8 12 cover
#box: 5.75 8 9 6 8.25 12 cover
#box: 5.75 8.25 9 6 8.5 12 cover
#box: 5.75 8.5 9 6 8.75 12 cover
#box: 5.75 8.75 9 6 9 12 cover
#box: 5.75 9 8.95 6 9.25 12 cover
#box: 5.75 9.25 8.95 6 9.5 12 cover
#box: 5.75 9.5 8.95 6 9.75 12 cover
#box: 5.75 9.75 8.9 6 10 12 cover
#box: 5.75 10 8.9 6 10.25 12 cover
#box: 5.75 10.25 8.9 6 10.5 12 cover
#box: 5.75 10.5 8.9 6 10.75 12 cover
#box: 5.75 10.75 8.9 6 11 12 cover
#box: 6 1 8.8 6.25 1.25 12 cover
#box: 6 1.25 8.8 6.25 1.5 12 cover
#box: 6 1.5 8.8 6.25 1.75 12 cover
#box: 6 1.75 8.75 6.25 2 12 cover
#box: 6 2 8.75 6.25 2.25 12 cover
#box: 6 2.25 8.75 6.25 2.5 12 cover
#box: 6 2.5 8.75 6.25 2.75 12 cover
#box: 6 2.75 8.75 6.25 3 12 cover
#box: 6 3 8.75 6.25 3.25 12 cover
#box: 6 3.25 8.75 6.25 3.5 12 cover
#box: 6 3.5 8.8 6.25 3.75 12 cover
#box: 6 3.75 8.8 6.25 4 12 cover
#box: 6 4 8.85 6.25 4.25 12 cover
#box: 6 4.25 8.85 6.25 4.5 12 cover
#box: 6 4.5 8.9 6.25 4.75 12 cover
#box: 6 4.75 8.9 6.25 5 12 cover
#box: 6 5 8.95 6.25 5.25 12 cover
#box: 6 5.25 8.95 6.25 5.5 12 cover
#box: 6 5.5 8.95 6.25 5.75 12 cover
#box: 6 5.75 9 6.25 6 12 cover
#box: 6 6 9 6.25 6.25 12 cover
#box: 6 6.25 9 6.25 6.5 12 cover
#box: 6 6.5 9 6.25 6.75 12 cover
#box: 6 6.75 9.05 6.25 7 12 cover
#box: 6 7 9.05 6.25 7.25 12 cover
#box: 6 7.25 9.05 6.25 7.5 12 cover
#box: 6 7.5 9.05 6.25 7.75 12 cover
#box: 6 7.75 9.05 6.25 8 12 cover
#box: 6 8 9.05 6.25 8.25 12 cover
#box: 6 8.25 9.05 6.25 8.5 12 cover
#box: 6 8.5 9.05 6.25 8.75 12 cover
#box: 6 8.75 9 6.25 9 12 cover
#box: 6 9 9 6.25 9.25 12 cover
#box: 6 9.25 9 6.25 9.5 12 cover
#box: 6 9.5 8.95 6.25 9.75 12 cover
#box: 6 9.75 8.95 6.25 10 12 cover
#box: 6 10 8.95 6.25 10.25 12 cover
#box: 6 10.25 8.9 6.25 10.5 12 cover
#box: 6 10.5 8.9 6.25 10.75 12 cover
#box: 6 10.75 8.9 6.25 11 12 cover
#box: 6.25 1 8.9 6.5 1.25 12 cover
#box: 6.25 1.25 8.85 6.5 1.5 12 cover
#box: 6.25 1.5 8.85 6.5 1.75 12 cover
#box: 6.25 1.75 8.85 6.5 2 12 cover
#box: 6.25 2 8.8 6.5 2.25 12 cover
#box: 6.25 2.25 8.8 6.5 2.5 12 cover
#box: 6.25 2.5 8.8 6.5 2.75 12 cover
#box: 6.25 2.75 8.8 6.5 3 12 cover
#box: 6.25 3 8.8 6.5 3.25 12 cover
#box: 6.25 3.25 8.8 6.5 3.5 12 cover
#box: 6.25 3.5 8.8 6.5 3.75 12 cover
#box: 6.25 3.75 8.85 6.5 4 12 cover
#box: 6.25 4 8.85 6.5 4.25 12 cover
#box: 6.25 4.25 8.9 6.5 4.5 12 cover
#box: 6.25 4.5 8.9 6.5 4.75 12 cover
#box: 6.25 4.75 8.9 6.5 5 12 cover
#box: 6.25 5 8.95 6.5 5.25 12 cover
#box: 6.25 5.25 8.95 6.5 5.5 12 cover
#box: 6.25 5.5 8.95 6.5 5.75 12 cover
#box: 6.25 5.75 9 6.5 6 12 cover
#box: 6.25 6 9 6.5 6.25 12 cover
#box: 6.25 6.25 9 6.5 6.5 12 cover
#box: 6.25 6.5 9.05 6.5 6.75 12 cover
#box: 6.25 6.75 9.05 6.5 7 12 cover
#box: 6.25 7 9.05 6.5 7.25 12 cover
#box: 6.25 7.25 9.05 6.5 7.5 12 cover
#box: 6.25 7.5 9.1 6.5 7.75 12 cover
#box: 6.25 7.75 9.1 6.5 8 12 cover
#box: 6.25 8 9.1 6.5 8.25 12 cover
#box: 6.25 8.25 9.1 6.5 8.5 12 cover
#box: 6.25 8.5 9.1 6.5 8.75 12 cover
#box: 6.25 8.75 9.1 6.5 9 12 cover
#box: 6.25 9 9.05 6.5 9.25 12 cover
#box: 6.25 9.25 9.05 6.5 9.5 12 cover
#box: 6.25 9.5 9 6.5 9.75 12 cover
#box: 6.25 9.75 9 6.5 10 12 cover
#box: 6.25 10 8.95 6.5 10.25 12 cover
#box: 6.25 10.25 8.95 6.5 10.5 12 cover
#box: 6.25 10.5 8.95 6.5 10.75 12 cover
#box: 6.25 10.75 8.9 6.5 11 12 cover
#box: 6.5 1 8.95 6.75 1.25 12 cover
#box: 6.5 1.25 8.95 6.75 1.5 12 cover
#box: 6.5 1.5 8.95 6.75 1.75 12 cover
#box: 6.5 1.75 8.9 6.75 2 12 cover
#box: 6.5 2 8.9 6.75 2.25 12 cover
#box: 6.5 2.25 8.85 6.75 2.5 12 cover
#box: 6.5 2.5 8.85 6.75 2.75 12 cover
#box: 6.5 2.75 8.85 6.75 3 12 cover
#box: 6.5 3 8.85 6.75 3.25 12 cover
#box: 6.5 3.25 8.85 6.75 3.5 12 cover
#box: 6.5 3.5 8.85 6.75 3.75 12 cover
#box: 6.5 3.75 8.85 6.75 4 12 cover
#box: 6.5 4 8.9 6.75 4.25 12 cover
#box: 6.5 4.25 8.9 6.75 4.5 12 cover
#box: 6.5 4.5 8.9 6.75 4.75 12 cover
#box: 6.5 4.75 8.9 6.75 5 12 cover
#box: 6.5 5 8.95 6.75 5.25 12 cover
#box: 6.5 5.25 8.95 6.75 5.5 12 cover
#box: 6.5 5.5 8.95 6.75 5.75 12 cover
#box: 6.5 5.75 9 6.75 6 12 cover
#box: 6.5 6 9 6.75 6.25 12 cover
#box: 6.5 6.25 9 6.75 6.5 12 cover
#box: 6.5 6.5 9.05 6.75 6.75 12 cover
#box: 6.5 6.75 9.05 6.75 7 12 cover
#box: 6.5 7 9.05 6.75 7.25 12 cover
#box: 6.5 7.25 9.1 6.75 7.5 12 cover
#box: 6.5 7.5 9.1 6.75 7.75 12 cover
#box: 6.5 7.75 9.1 6.75 8 12 cover
#box: 6.5 8 9.15 6.75 8.25 12 cover
#box: 6.5 8.25 9.15 6.75 8.5 12 cover
#box: 6.5 8.5 9.15 6.75 8.75 12 cover
#box: 6.5 8.75 9.1 6.75 9 12 cover
#box: 6.5 9 9.1 6.75 9.25 12 cover
#box: 6.5 9.25 9.1 6.75 9.5 12 cover
#box: 6.5 9.5 9.05 6.75 9.75 12 cover
#box: 6.5 9.75 9.05 6.75 10 12 cover
#box: 6.5 10 9 6.75 10.25 12 cover
#box: 6.5 10.25 9 6.75 10.5 12 cover
#box: 6.5 10.5 8.95 6.75 10.75 12 cover
#box: 6.5 10.75 8.95 6.75 11 12 cover
#box: 6.75 1 9.05 7 1.25 12 cover
#box: 6.75 1.25 9.05 7 1.5 12 cover
#box: 6.75 1.5 9 7 1.75 12 cover
#box: 6.75 1.75 9 7 2 12 cover
#box: 6.75 2 8.95 7 2.25 12 cover
#box: 6.75 2.25 8.95 7 2.5 12 cover
#box: 6.75 2.5 8.95 7 2.75 12 cover
#box: 6.75 2.75 8.9 7 3 12 cover
#box: 6.75 3 8.9 7 3.25 12 cover
#box: 6.75 3.25 8.9 7 3.5 12 cover
#box: 6.75 3.5 8.9 7 3.75 12 cover
#box: 6.75 3.75 8.9 7 4 12 cover
#box: 6.75 4 8.9 7 4.25 12 cover
#box: 6.75 4.25 8.9 7 4.5 12 cover
#box: 6.75 4.5 8.9 7 4.75 12 cover
#box: 6.75 4.75 8.95 7 5 12 cover
#box: 6.75 5 8.95 7 5.25 12 cover
#box: 6.75 5.25 8.95 7 5.5 12 cover
#box: 6.75 5.5 8.95 7 5.75 12 cover
#box: 6.75 5.75 9 7 6 12 cover
#box: 6.75 6 9 7 6.25 12 cover
#box: 6.75 6.25 9 7 6.5 12 cover
#box: 6.75 6.5 9.05 7 6.75 12 cover
#box: 6.75 6.75 9.05 7 7 12 cover
#box: 6.75 7 9.1 7 7.25 12 cover
#box: 6.75 7.25 9.1 7 7.5 12 cover
#box: 6.75 7.5 9.1 7 7.75 12 cover
#box: 6.75 7.75 9.15 7 8 12 cover
#box: 6.75 8 9.15 7 8.25 12 cover
#box: 6.75 8.25 9.15 7 8.5 12 cover
#box: 6.75 8.5 9.15 7 8.75 12 cover
#box: 6.75 8.75 9.15 7 9 12 cover
#box: 6.75 9 9.15 7 9.25 12 cover
#box: 6.75 9.25 9.15 7 9.5 12 cover
#box: 6.75 9.5 9.1 7 9.75 12 cover
#box: 6.75 9.75 9.1 7 10 12 cover
#box: 6.75 10 9.05 7 10.25 12 cover
#box: 6.75 10.25 9.05 7 10.5 12 cover
#box: 6.75 10.5 9 7 10.75 12 cover
#box: 6.75 10.75 9 7 11 12 cover
#box: 7 1 9.15 7.25 1.25 12 cover
#box: 7 1.25 9.1 7.25 1.5 12 cover
#box: 7 1.5 9.1 7.25 1.75 12 cover
#box: 7 1.75 9.1 7.25 2 12 cover
#box: 7 2 9.05 7.25 2.25 12 cover
#box: 7 2.25 9.05 7.25 2.5 12 cover
#box: 7 2.5 9 7.25 2.75 12 cover
#box: 7 2.75 9 7.25 3 12 cover
#box: 7 3 8.95 7.25 3.25 12 cover
#box: 7 3.25 8.95 7.25 3.5 12 cover
#box: 7 3.5 8.95 7.25 3.75 12 cover
#box: 7 3.75 8.95 7.25 4 12 cover
#box: 7 4 8.95 7.25 4.25 12 cover
#box: 7 4.25 8.95 7.25 4.5 12 cover
#box: 7 4.5 8.95 7.25 4.75 12 cover
#box: 7 4.75 8.95 7.25 5 12 cover
#box: 7 5 8.95 7.25 5.25 12 cover
#box: 7 5.25 8.95 7.25 5.5 12 cover
#box: 7 5.5 8.95 7.25 5.75 12 cover
#box: 7 5.75 8.95 7.25 6 12 cover
#box: 7 6 9 7.25 6.25 12 cover
#box: 7 6.25 9 7.25 6.5 12 cover
#box: 7 6.5 9.05 7.25 6.75 12 cover
#box: 7 6.75 9.05 7.25 7 12 cover
#box: 7 7 9.1 7.25 7.25 12 cover
#box: 7 7.25 9.1 7.25 7.5 12 cover
#box: 7 7.5 9.15 7.25 7.75 12 cover
#box: 7 7.75 9.15 7.25 8 12 cover
#box: 7 8 9.15 7.25 8.25 12 cover
#box: 7 8.25 9.2 7.25 8.5 12 cover
#box: 7 8.5 9.2 7.25 8.75 12 cover
#box: 7 8.75 9.2 7.25 9 12 cover
#box: 7 9 9.2 7.25 9.25 12 cover
#box: 7 9.25 9.2 7.25 9.5 12 cover
#box: 7 9.5 9.15 7.25 9.75 12 cover
#box: 7 9.75 9.15 7.25 10 12 cover
#box: 7 10 9.1 7.25 10.25 12 cover
#box: 7 10.25 9.1 7.25 10.5 12 cover
#box: 7 10.5 9.05 7.25 10.75 12 cover
#box: 7 10.75 9 7.25 11 12 cover
#box: 7.25 1 9.2 7.5 1.25 12 cover
#box: 7.25 1.25 9.2 7.5 1.5 12 cover
#box: 7.25 1.5 9.2 7.5 1.75 12 cover
#box: 7.25 1.75 9.15 7.5 2 12 cover
#box: 7.25 2 9.15 7.5 2.25 12 cover
#box: 7.25 2.25 9.1 7.5 2.5 12 cover
#box: 7.25 2.5 9.05 7.5 2.75 12 cover
#box: 7.25 2.75 9.05 7.5 3 12 cover
#box: 7.25 3 9 7.5 3.25 12 cover
#box: 7.25 3.25 9 7.5 3.5 12 cover
#box: 7.25 3.5 9 7.5 3.75 12 cover
#box: 7.25 3.75 8.95 7.5 4 12 cover
#box: 7.25 4 8.95 7.5 4.25 12 cover
#box: 7.25 4.25 8.95 7.5 4.5 12 cover
#box: 7.25 4.5 8.95 7.5 4.75 12 cover
#box: 7.25 4.75 8.95 7.5 5 12 cover
#box: 7.25 5 8.95 7.5 5.25 12 cover
#box: 7.25 5.25 8.95 7.5 5.5 12 cover
#box: 7.25 5.5 8.95 7.5 5.75 12 cover
#box: 7.25 5.75 8.95 7.5 6 12 cover
#box: 7.25 6 9 7.5 6.25 12 cover
#box: 7.25 6.25 9 7.5 6.5 12 cover
#box: 7.25 6.5 9 7.5 6.75 12 cover
#box: 7.25 6.75 9.05 7.5 7 12 cover
#box: 7.25 7 9.05 7.5 7.25 12 cover
#box: 7.25 7.25 9.1 7.5 7.5 12 cover
#box: 7.25 7.5 9.1 7.5 7.75 12 cover
#box: 7.25 7.75 9.15 7.5 8 12 cover
#box: 7.25 8 9.15 7.5 8.25 12 cover
#box: 7.25 8.25 9.2 7.5 8.5 12 cover
#box: 7.25 8.5 9.2 7.5 8.75 12 cover
#box: 7.25 8.75 9.2 7.5 9 12 cover
#box: 7.25 9 9.25 7.5 9.25 12 cover
#box: 7.25 9.25 9.2 7.5 9.5 12 cover
#box: 7.25 9.5 9.2 7.5 9.75 12 cover
#box: 7.25 9.75 9.2 7.5 10 12 cover
#box: 7.25 10 9.15 7.5 10.25 12 cover
#box: 7.25 10.25 9.1 7.5 10.5 12 cover
#box: 7.25 10.5 9.1 7.5 10.75 12 cover
#box: 7.25 10.75 9.05 7.5 11 12 cover
#box: 7.5 1 9.3 7.75 1.25 12 cover
#box: 7.5 1.25 9.25 7.75 1.5 12 cover
#box: 7.5 1.5 9.25 7.75 1.75 12 cover
#box: 7.5 1.75 9.2 7.75 2 12 cover
#box: 7.5 2 9.2 7.75 2.25 12 cover
#box: 7.5 2.25 9.15 7.75 2.5 12 cover
#box: 7.5 2.5 9.15 7.75 2.75 12 cover
#box: 7.5 2.75 9.1 7.75 3 12 cover
#box: 7.5 3 9.05 7.75 3.25 12 cover
#box: 7.5 3.25 9.05 7.75 3.5 12 cover
#box: 7.5 3.5 9 7.75 3.75 12 cover
#box: 7.5 3.75 9 7.75 4 12 cover
#box: 7.5 4 9 7.75 4.25 12 cover
#box: 7.5 4.25 8.95 7.75 4.5 12 cover
#box: 7.5 4.5 8.95 7.75 4.75 12 cover
#box: 7.5 4.75 8.95 7.75 5 12 cover
#box: 7.5 5 8.95 7.75 5.25 12 cover
#box: 7.5 5.25 8.95 7.75 5.5 12 cover
#box: 7.5 5.5 8.95 7.75 5.75 12 cover
#box: 7.5 5.75 8.95 7.75 6 12 cover
#box: 7.5 6 8.95 7.75 6.25 12 cover
#box: 7.5 6.25 9 7.75 6.5 12 cover
#box: 7.5 6.5 9 7.75 6.75 12 cover
#box: 7.5 6.75 9 7.75 7 12 cover
#box: 7.5 7 9.05 7.75 7.25 12 cover
#box: 7.5 7.25 9.05 7.75 7.5 12 cover
#box: 7.5 7.5 9.1 7.75 7.75 12 cover
#box: 7.5 7.75 9.15 7.75 8 12 cover
#box: 7.5 8 9.15 7.75 8.25 12 cover
#box: 7.5 8.25 9.2 7.75 8.5 12 cover
#box: 7.5 8.5 9.2 7.75 8.75 12 cover
#box: 7.5 8.75 9.25 7.75 9 12 cover
#box: 7.5 9 9.25 7.75 9.25 12 cover
#box: 7.5 9.25 9.25 7.75 9.5 12 cover
#box: 7.5 9.5 9.25 7.75 9.75 12 cover
#box: 7.5 9.75 9.2 7.75 10 12 cover
#box: 7.5 10 9.2 7.75 10.25 12 cover
#box: 7.5 10.25 9.15 7.75 10.5 12 cover
#box: 7.5 10.5 9.1 7.75 10.75 12 cover
#box: 7.5 10.75 9.1 7.75 11 12 cover
#box: 7.75 1 9.35 8 1.25 12 cover
#box: 7.75 1.25 9.3 8 1.5 12 cover
#box: 7.75 1.5 9.3 8 1.75 12 cover
#box: 7.75 1.75 9.25 8 2 12 cover
#box: 7.75 2 9.25 8 2.25 12 cover
#box: 7.75 2.25 9.2 8 2.5 12 cover
#box: 7.75 2.5 9.15 8 2.75 12 cover
#box: 7.75 2.75 9.15 8 3 12 cover
#box: 7.75 3 9.1 8 3.25 12 cover
#box: 7.75 3.25 9.1 8 3.5 12 cover
#box: 7.75 3.5 9.05 8 3.75 12 cover
#box: 7.75 3.75 9.05 8 4 12 cover
#box: 7.75 4 9 8 4.25 12 cover
#box: 7.75 4.25 9 8 4.5 12 cover
#box: 7.75 4.5 9 8 4.75 12 cover
#box: 7.75 4.75 8.95 8 5 12 cover
#box: 7.75 5 8.95 8 5.25 12 cover
#box: 7.75 5.25 8.95 8 5.5 12 cover
#box: 7.75 5.5 8.95 8 5.75 12 cover
#box: 7.75 5.75 8.95 8 6 12 cover
#box: 7.75 6 8.95 8 6.25 12 cover
#box: 7.75 6.25 8.95 8 6.5 12 cover
#box: 7.75 6.5 8.95 8 6.75 12 cover
#box: 7.75 6.75 9 8 7 12 cover
#box: 7.75 7 9 8 7.25 12 cover
#box: 7.75 7.25 9.05 8 7.5 12 cover
#box: 7.75 7.5 9.1 8 7.75 12 cover
#box: 7.75 7.75 9.1 8 8 12 cover
#box: 7.75 8 9.15 8 8.25 12 cover
#box: 7.75 8.25 9.15 8 8.5 12 cover
#box: 7.75 8.5 9.2 8 8.75 12 cover
#box: 7.75 8.75 9.2 8 9 12 cover
#box: 7.75 9 9.25 8 9.25 12 cover
#box: 7.75 9.25 9.25 8 9.5 12 cover
#box: 7.75 9.5 9.25 8 9.75 12 cover
#box: 7.75 9.75 9.2 8 10 12 cover
#box: 7.75 10 9.2 8 10.25 12 cover
#box: 7.75 10.25 9.15 8 10.5 12 cover
#box: 7.75 10.5 9.15 8 10.75 12 cover
#box: 7.75 10.75 9.1 8 11 12 cover
#box: 8 1 9.4 8.25 1.25 12 cover
#box: 8 1.25 9.35 8.25 1.5 12 cover
#box: 8 1.5 9.35 8.25 1.75 12 cover
#box: 8 1.75 9.3 8.25 2 12 cover
#box: 8 2 9.25 8.25 2.25 12 cover
#box: 8 2.25 9.25 8.25 2.5 12 cover
#box: 8 2.5 9.2 8.25 2.75 12 cover
#box: 8 2.75 9.15 8.25 3 12 cover
#box: 8 3 9.15 8.25 3.25 12 cover
#box: 8 3.25 9.1 8.25 3.5 12 cover
#box: 8 3.5 9.1 8.25 3.75 12 cover
#box: 8 3.75 9.05 8.25 4 12 cover
#box: 8 4 9.05 8.25 4.25 12 cover
#box: 8 4.25 9 8.25 4.5 12 cover
#box: 8 4.5 9 8.25 4.75 12 cover
#box: 8 4.75 9 8.25 5 12 cover
#box: 8 5 8.95 8.25 5.25 12 cover
#box: 8 5.25 8.95 8.25 5.5 12 cover
#box: 8 5.5 8.95 8.25 5.75 12 cover
#box: 8 5.75 8.95 8.25 6 12 cover
#box: 8 6 8.95 8.25 6.25 12 cover
#box: 8 6.25 8.95 8.25 6.5 12 cover
#box: 8 6.5 8.95 8.25 6.75 12 cover
#box: 8 6.75 8.95 8.25 7 12 cover
#box: 8 7 9 8.25 7.25 12 cover
#box: 8 7.25 9 8.25 7.5 12 cover
#box: 8 7.5 9.05 8.25 7.75 12 cover
#box: 8 7.75 9.1 8.25 8 12 cover
#box: 8 8 9.1 8.25 8.25 12 cover
#box: 8 8.25 9.15 8.25 8.5 12 cover
#box: 8 8.5 9.15 8.25 8.75 12 cover
#box: 8 8.75 9.2 8.25 9 12 cover
#box: 8 9 9.2 8.25 9.25 12 cover
#box: 8 9.25 9.2 8.25 9.5 12 cover
#box: 8 9.5 9.2 8.25 9.75 12 cover
#box: 8 9.75 9.2 8.25 10 12 cover
#box: 8 10 9.2 8.25 10.25 12 cover
#box: 8 10.25 9.15 8.25 10.5 12 cover
#box: 8 10.5 9.15 8.25 10.75 12 cover
#box: 8 10.75 9.1 8.25 11 12 cover
#box: 8.25 1 9.4 8.5 1.25 12 cover
#box: 8.25 1.25 9.35 8.5 1.5 12 cover
#box: 8.25 1.5 9.35 8.5 1.75 12 cover
#box: 8.25 1.75 9.3 8.5 2 12 cover
#box: 8.25 2 9.3 8.5 2.25 12 cover
#box: 8.25 2.25 9.25 8.5 2.5 12 cover
#box: 8.25 2.5 9.2 8.5 2.75 12 cover
#box: 8.25 2.75 9.2 8.5 3 12 cover
#box: 8.25 3 9.15 8.5 3.25 12 cover
#box: 8.25 3.25 9.1 8.5 3.5 12 cover
#box: 8.25 3.5 9.1 8.5 3.75 12 cover
#box: 8.25 3.75 9.1 8.5 4 12 cover
#box: 8.25 4 9.05 8.5 4.25 12 cover
#box: 8.25 4.25 9.05 8.5 4.5 12 cover
#box: 8.25 4.5 9 8.5 4.75 12 cover
#box: 8.25 4.75 9 8.5 5 12 cover
#box: 8.25 5 9 8.5 5.25 12 cover
#box: 8.25 5.25 8.95 8.5 5.5 12 cover
#box: 8.25 5.5 8.95 8.5 5.75 12 cover
#box: 8.25 5.75 8.95 8.5 6 12 cover
#box: 8.25 6 8.95 8.5 6.25 12 cover
#box: 8.25 6.25 8.95 8.5 6.5 12 cover
#box: 8.25 6.5 8.95 8.5 6.75 12 cover
#box: 8.25 6.75 8.95 8.5 7 12 cover
#box: 8.25 7 8.95 8.5 7.25 12 cover
#box: 8.25 7.25 9 8.5 7.5 12 cover
#box: 8.25 7.5 9 8.5 7.75 12 cover
#box: 8.25 7.75 9.05 8.5 8 12 cover
#box: 8.25 8 9.05 8.5 8.25 12 cover
#box: 8.25 8.25 9.1 8.5 8.5 12 cover
#box: 8.25 8.5 9.15 8.5 8.75 12 cover
#box: 8.25 8.75 9.15 8.5 9 12 cover
#box: 8.25 9 9.2 8.5 9.25 12 cover
#box: 8.25 9.25 9.2 8.5 9.5 12 cover
#box: 8.25 9.5 9.2 8.5 9.75 12 cover
#box: 8.25 9.75 9.2 8.5 10 12 cover
#box: 8.25 10 9.15 8.5 10.25 12 cover
#box: 8.25 10.25 9.15 8.5 10.5 12 cover
#box: 8.25 10.5 9.1 8.5 10.75 12 cover
#box: 8.25 10.75 9.1 8.5 11 12 cover
#box: 8.5 1 9.4 8.75 1.25 12 cover
#box: 8.5 1.25 9.35 8.75 1.5 12 cover
#box: 8.5 1.5 9.35 8.75 1.75 12 cover
#box: 8.5 1.75 9.3 8.75 2 12 cover
#box: 8.5 2 9.3 8.75 2.25 12 cover
#box: 8.5 2.25 9.25 8.75 2.5 12 cover
#box: 8.5 2.5 9.2 8.75 2.75 12 cover
#box: 8.5 2.75 9.2 8.75 3 12 cover
#box: 8.5 3 9.15 8.75 3.25 12 cover
#box: 8.5 3.25 9.15 8.75 3.5 12 cover
#box: 8.5 3.5 9.1 8.75 3.75 12 cover
#box: 8.5 3.75 9.1 8.75 4 12 cover
#box: 8.5 4 9.05 8.75 4.25 12 cover
#box: 8.5 4.25 9.05 8.75 4.5 12 cover
#box: 8.5 4.5 9.05 8.75 4.75 12 cover
#box: 8.5 4.75 9 8.75 5 12 cover
#box: 8.5 5 9 8.75 5.25 12 cover
#box: 8.5 5.25 9 8.75 5.5 12 cover
#box: 8.5 5.5 8.95 8.75 5.75 12 cover
#box: 8.5 5.75 8.95 8.75 6 12 cover
#box: 8.5 6 8.95 8.75 6.25 12 cover
#box: 8.5 6.25 8.9 8.75 6.5 12 cover
#box: 8.5 6.5 8.9 8.75 6.75 12 cover
#box: 8.5 6.75 8.95 8.75 7 12 cover
#box: 8.5 7 8.95 8.75 7.25 12 cover
#box: 8.5 7.25 8.95 8.75 7.5 12 cover
#box: 8.5 7.5 9 8.75 7.75 12 cover
#box: 8.5 7.75 9 8.75 8 12 cover
#box: 8.5 8 9.05 8.75 8.25 12 cover
#box: 8.5 8.25 9.05 8.75 8.5 12 cover
#box: 8.5 8.5 9.1 8.75 8.75 12 cover
#box: 8.5 8.75 9.1 8.75 9 12 cover
#box: 8.5 9 9.15 8.75 9.25 12 cover
#box: 8.5 9.25 9.15 8.75 9.5 12 cover
#box: 8.5 9.5 9.15 8.75 9.75 12 cover
#box: 8.5 9.75 9.15 8.75 10 12 cover
#box: 8.5 10 9.1 8.75 10.25 12 cover
#box: 8.5 10.25 9.1 8.75 10.5 12 cover
#box: 8.5 10.5 9.1 8.75 10.75 12 cover
#box: 8.5 10.75 9.05 8.75 11 12 cover
#box: 8.75 1 9.35 9 1.25 12 cover
#box: 8.75 1.25 9.35 9 1.5 12 cover
#box: 8.75 1.5 9.3 9 1.75 12 cover
#box: 8.75 1.75 9.3 9 2 12 cover
#box: 8.75 2 9.25 9 2.25 12 cover
#box: 8.75 2.25 9.25 9 2.5 12 cover
#box: 8.75 2.5 9.2 9 2.75 12 cover
#box: 8.75 2.75 9.2 9 3 12 cover
#box: 8.75 3 9.15 9 3.25 12 cover
#box: 8.75 3.25 9.15 9 3.5 12 cover
#box: 8.75 3.5 9.1 9 3.75 12 cover
#box: 8.75 3.75 9.1 9 4 12 cover
#box: 8.75 4 9.1 9 4.25 12 cover
#box: 8.75 4.25 9.05 9 4.5 12 cover
#box: 8.75 4.5 9.05 9 4.75 12 cover
#box: 8.75 4.75 9.05 9 5 12 cover
#box: 8.75 5 9 9 5.25 12 cover
#box: 8.75 5.25 9 9 5.5 12 cover
#box: 8.75 5.5 8.95 9 5.75 12 cover
#box: 8.75 5.75 8.95 9 6 12 cover
#box: 8.75 6 8.95 9 6.25 12 cover
#box: 8.75 6.25 8.9 9 6.5 12 cover
#box: 8.75 6.5 8.9 9 6.75 12 cover
#box: 8.75 6.75 8.9 9 7 12 cover
#box: 8.75 7 8.9 9 7.25 12 cover
#box: 8.75 7.25 8.95 9 7.5 12 cover
#box: 8.75 7.5 8.95 9 7.75 12 cover
#box: 8.75 7.75 8.95 9 8 12 cover
#box: 8.75 8 9 9 8.25 12 cover
#box: 8.75 8.25 9 9 8.5 12 cover
#box: 8.75 8.5 9.05 9 8.75 12 cover
#box: 8.75 8.75 9.05 9 9 12 cover
#box: 8.75 9 9.1 9 9.25 12 cover
#box: 8.75 9.25 9.1 9 9.5 12 cover
#box: 8.75 9.5 9.1 9 9.75 12 cover
#box: 8.75 9.75 9.1 9 10 12 cover
#box: 8.75 10 9.05 9 10.25 12 cover
#box: 8.75 10.25 9.05 9 10.5 12 cover
#box: 8.75 10.5 9.05 9 10.75 12 cover
#box: 8.75 10.75 9 9 11 12 cover
#box: 9 1 9.3 9.25 1.25 12 cover
#box: 9 1.25 9.3 9.25 1.5 12 cover
#box: 9 1.5 9.3 9.25 1.75 12 cover
#box: 9 1.75 9.25 9.25 2 12 cover
#box: 9 2 9.25 9.25 2.25 12 cover
#box: 9 2.25 9.2 9.25 2.5 12 cover
#box: 9 2.5 9.2 9.25 2.75 12 cover
#box: 9 2.75 9.15 9.25 3 12 cover
#box: 9 3 9.15 9.25 3.25 12 cover
#box: 9 3.25 9.15 9.25 3.5 12 cover
#box: 9 3.5 9.1 9.25 3.75 12 cover
#box: 9 3.75 9.1 9.25 4 12 cover
#box: 9 4 9.1 9.25 4.25 12 cover
#box: 9 4.25 9.1 9.25 4.5 12 cover
#box: 9 4.5 9.1 9.25 4.75 12 cover
#box: 9 4.75 9.05 9.25 5 12 cover
#box: 9 5 9.05 9.25 5.25 12 cover
#box: 9 5.25 9 9.25 5.5 12 cover
#box: 9 5.5 9 9.25 5.75 12 cover
#box: 9 5.75 8.95 9.25 6 12 cover
#box: 9 6 8.95 9.25 6.25 12 cover
#box: 9 6.25 8.9 9.25 6.5 12 cover
#box: 9 6.5 8.9 9.25 6.75 12 cover
#box: 9 6.75 8.9 9.25 7 12 cover
#box: 9 7 8.9 9.25 7.25 12 cover
#box: 9 7.25 8.9 9.25 7.5 12 cover
#box: 9 7.5 8.9 9.25 7.75 12 cover
#box: 9 7.75 8.95 9.25 8 12 cover
#box: 9 8 8.95 9.25 8.25 12 cover
#box: 9 8.25 9 9.25 8.5 12 cover
#box: 9 8.5 9 9.25 8.75 12 cover
#box: 9 8.75 9 9.25 9 12 cover
#box: 9 9 9.05 9.25 9.25 12 cover
#box: 9 9.25 9.05 9.25 9.5 12 cover
#box: 9 9.5 9.05 9.25 9.75 12 cover
#box: 9 9.75 9 9.25 10 12 cover
#box: 9 10 9 9.25 10.25 12 cover
#box: 9 10.25 9 9.25 10.5 12 cover
#box: 9 10.5 9 9.25 10.75 12 cover
#box: 9 10.75 8.95 9.25 11 12 cover
#box: 9.25 1 9.25 9.5 1.25 12 cover
#box: 9.25 1.25 9.25 9.5 1.5 12 cover
#box: 9.25 1.5 9.25 9.5 1.75 12 cover
#box: 9.25 1.75 9.25 9.5 2 12 cover
#box: 9.25 2 9.2 9.5 2.25 12 cover
#box: 9.25 2.25 9.2 9.5 2.5 12 cover
#box: 9.25 2.5 9.15 9.5 2.75 12 cover
#box: 9.25 2.75 9.15 9.5 3 12 cover
#box: 9.25 3 9.15 9.5 3.25 12 cover
#box: 9.25 3.25 9.15 9.5 3.5 12 cover
#box: 9.25 3.5 9.15 9.5 3.75 12 cover
#box: 9.25 3.75 9.1 9.5 4 12 cover
#box: 9.25 4 9.1 9.5 4.25 12 cover
#box: 9.25 4.25 9.1 9.5 4.5 12 cover
#box: 9.25 4.5 9.1 9.5 4.75 12 cover
#box: 9.25 4.75 9.1 9.5 5 12 cover
#box: 9.25 5 9.05 9.5 5.25 12 cover
#box: 9.25 5.25 9.05 9.5 5.5 12 cover
#box: 9.25 5.5 9 9.5 5.75 12 cover
#box: 9.25 5.75 8.95 9.5 6 12 cover
#box: 9.25 6 8.95 9.5 6.25 12 cover
#box: 9.25 6.25 8.9 9.5 6.5 12 cover
#box: 9.25 6.5 8.9 9.5 6.75 12 cover
#box: 9.25 6.75 8.9 9.5 7 12 cover
#box: 9.25 7 8.9 9.5 7.25 12 cover
#box: 9.25 7.25 8.9 9.5 7.5 12 cover
#box: 9.25 7.5 8.9 9.5 7.75 12 cover
#box: 9.25 7.75 8.9 9.5 8 12 cover
#box: 9.25 8 8.95 9.5 8.25 12 cover
#box: 9.25 8.25 8.95 9.5 8.5 12 cover
#box: 9.25 8.5 8.95 9.5 8.75 12 cover
#box: 9.25 8.75 8.95 9.5 9 12 cover
#box: 9.25 9 9 9.5 9.25 12 cover
#box: 9.25 9.25 9 9.5 9.5 12 cover
#box: 9.25 9.5 8.95 9.5 9.75 12 cover
#box: 9.25 9.75 8.95 9.5 10 12 cover
#box: 9.25 10 8.95 9.5 10.25 12 cover
#box: 9.25 10.25 8.95 9.5 10.5 12 cover
#box: 9.25 10.5 8.95 9.5 10.75 12 cover
#box: 9.25 10.75 8.9 9.5 11 12 cover
#box: 9.5 1 9.2 9.75 1.25 12 cover
#box: 9.5 1.25 9.2 9.75 1.5 12 cover
#box: 9.5 1.5 9.2 9.75 1.75 12 cover
#box: 9.5 1.75 9.2 9.75 2 12 cover
#box: 9.5 2 9.2 9.75 2.25 12 cover
#box: 9.5 2.25 9.15 9.75 2.5 12 cover
#box: 9.5 2.5 9.15 9.75 2.75 12 cover
#box: 9.5 2.75 9.15 9.75 3 12 cover
#box: 9.5 3 9.15 9.75 3.25 12 cover
#box: 9.5 3.25 9.15 9.75 3.5 12 cover
#box: 9.5 3.5 9.15 9.75 3.75 12 cover
#box: 9.5 3.75 9.15 9.75 4 12 cover
#box: 9.5 4 9.15 9.75 4.25 12 cover
#box: 9.5 4.25 9.1 9.75 4.5 12 cover
#box: 9.5 4.5 9.1 9.75 4.75 12 cover
#box: 9.5 4.75 9.1 9.75 5 12 cover
#box: 9.5 5 9.05 9.75 5.25 12 cover
#box: 9.5 5.25 9.05 9.75 5.5 12 cover
#box: 9.5 5.5 9 9.75 5.75 12 cover
#box: 9.5 5.75 9 9.75 6 12 cover
#box: 9.5 6 8.95 9.75 6.25 12 cover
#box: 9.5 6.25 8.9 9.75 6.5 12 cover
#box: 9.5 6.5 8.9 9.75 6.75 12 cover
#box: 9.5 6.75 8.9 9.75 7 12 cover
#box: 9.5 7 8.85 9.75 7.25 12 cover
#box: 9.5 7.25 8.85 9.75 7.5 12 cover
#box: 9.5 7.5 8.9 9.75 7.75 12 cover
#box: 9.5 7.75 8.9 9.75 8 12 cover
#box: 9.5 8 8.9 9.75 8.25 12 cover
#box: 9.5 8.25 8.9 9.75 8.5 12 cover
#box: 9.5 8.5 8.9 9.75 8.75 12 cover
#box: 9.5 8.75 8.95 9.75 9 12 cover
#box: 9.5 9 8.95 9.75 9.25 12 cover
#box: 9.5 9.25 8.95 9.75 9.5 12 cover
#box: 9.5 9.5 8.9 9.75 9.75 12 cover
#box: 9.5 9.75 8.9 9.75 10 12 cover
#box: 9.5 10 8.9 9.75 10.25 12 cover
#box: 9.5 10.25 8.9 9.75 10.5 12 cover
#box: 9.5 10.5 8.9 9.75 10.75 12 cover
#box: 9.5 10.75 8.85 9.75 11 12 cover
#box: 9.75 1 9.15 10 1.25 12 cover
#box: 9.75 1.25 9.15 10 1.5 12 cover
#box: 9.75 1.5 9.15 10 1.75 12 cover
#box: 9.75 1.75 9.15 10 2 12 cover
#box: 9.75 2 9.15 10 2.25 12 cover
#box: 9.75 2.25 9.15 10 2.5 12 cover
#box: 9.75 2.5 9.15 10 2.75 12 cover
#box: 9.75 2.75 9.15 10 3 12 cover
#box: 9.75 3 9.15 10 3.25 12 cover
#box: 9.75 3.25 9.15 10 3.5 12 cover
#box: 9.75 3.5 9.15 10 3.75 12 cover
#box: 9.75 3.75 9.15 10 4 12 cover
#box: 9.75 4 9.15 10 4.25 12 cover
#box: 9.75 4.25 9.15 10 4.5 12 cover
#box: 9.75 4.5 9.15 10 4.75 12 cover
#box: 9.75 4.75 9.1 10 5 12 cover
#box: 9.75 5 9.1 10 5.25 12 cover
#box: 9.75 5.25 9.05 10 5.5 12 cover
#box: 9.75 5.5 9 10 5.75 12 cover
#box: 9.75 5.75 9 10 6 12 cover
#box: 9.75 6 8.95 10 6.25 12 cover
#box: 9.75 6.25 8.9 10 6.5 12 cover
#box: 9.75 6.5 8.9 10 6.75 12 cover
#box: 9.75 6.75 8.85 10 7 12 cover
#box: 9.75 7 8.85 10 7.25 12 cover
#box: 9.75 7.25 8.85 10 7.5 12 cover
#box: 9.75 7.5 8.85 10 7.75 12 cover
#box: 9.75 7.75 8.85 10 8 12 cover
#box: 9.75 8 8.85 10 8.25 12 cover
#box: 9.75 8.25 8.9 10 8.5 12 cover
#box: 9.75 8.5 8.9 10 8.75 12 cover
#box: 9.75 8.75 8.9 10 9 12 cover
#box: 9.75 9 8.9 10 9.25 12 cover
#box: 9.75 9.25 8.9 10 9.5 12 cover
#box: 9.75 9.5 8.9 10 9.75 12 cover
#box: 9.75 9.75 8.9 10 10 12 cover
#box: 9.75 10 8.85 10 10.25 12 cover
#box: 9.75 10.25 8.85 10 10.5 12 cover
#box: 9.75 10.5 8.85 10 10.75 12 cover
#box: 9.75 10.75 8.85 10 11 12 cover
#box: 10 1 9.1 10.25 1.25 12 cover
#box: 10 1.25 9.15 10.25 1.5 12 cover
#box: 10 1.5 9.15 10.25 1.75 12 cover
#box: 10 1.75 9.15 10.25 2 12 cover
#box: 10 2 9.15 10.25 2.25 12 cover
#box: 10 2.25 9.15 10.25 2.5 12 cover
#box: 10 2.5 9.15 10.25 2.75 12 cover
#box: 10 2.75 9.15 10.25 3 12 cover
#box: 10 3 9.15 10.25 3.25 12 cover
#box: 10 3.25 9.15 10.25 3.5 12 cover
#box: 10 3.5 9.15 10.25 3.75 12 cover
#box: 10 3.75 9.15 10.25 4 12 cover
#box: 10 4 9.15 10.25 4.25 12 cover
#box: 10 4.25 9.15 10.25 4.5 12 cover
#box: 10 4.5 9.15 10.25 4.75 12 cover
#box: 10 4.75 9.1 10.25 5 12 cover
#box: 10 5 9.1 10.25 5.25 12 cover
#box: 10 5.25 9.05 10.25 5.5 12 cover
#box: 10 5.5 9 10.25 5.75 12 cover
#box: 10 5.75 9 10.25 6 12 cover
#box: 10 6 8.95 10.25 6.25 12 cover
#box: 10 6.25 8.9 10.25 6.5 12 cover
#box: 10 6.5 8.9 10.25 6.75 12 cover
#box: 10 6.75 8.85 10.25 7 12 cover
#box: 10 7 8.85 10.25 7.25 12 cover
#box: 10 7.25 8.85 10.25 7.5 12 cover
#box: 10 7.5 8.85 10.25 7.75 12 cover
#box: 10 7.75 8.85 10.25 8 12 cover
#box: 10 8 8.85 10.25 8.25 12 cover
#box: 10 8.25 8.85 10.25 8.5 12 cover
#box: 10 8.5 8.85 10.25 8.75 12 cover
#box: 10 8.75 8.85 10.25 9 12 cover
#box: 10 9 8.85 10.25 9.25 12 cover
#box: 10 9.25 8.85 10.25 9.5 12 cover
#box: 10 9.5 8.85 10.25 9.75 12 cover
#box: 10 9.75 8.85 10.25 10 12 cover
#box: 10 10 8.85 10.25 10.25 12 cover
#box: 10 10.25 8.85 10.25 10.5 12 cover
#box: 10 10.5 8.85 10.25 10.75 12 cover
#box: 10 10.75 8.8 10.25 11 12 cover
#box: 10.25 1 9.1 10.5 1.25 12 cover
#box: 10.25 1.25 9.1 10.5 1.5 12 cover
#box: 10.25 1.5 9.1 10.5 1.75 12 cover
#box: 10.25 1.75 9.1 10.5 2 12 cover
#box: 10.25 2 9.1 10.5 2.25 12 cover
#box: 10.25 2.25 9.15 10.5 2.5 12 cover
#box: 10.25 2.5 9.15 10.5 2.75 12 cover
#box: 10.25 2.75 9.15 10.5 3 12 cover
#box: 10.25 3 9.15 10.5 3.25 12 cover
#box: 10.25 3.25 9.15 10.5 3.5 12 cover
#box: 10.25 3.5 9.15 10.5 3.75 12 cover
#box: 10.25 3.75 9.15 10.5 4 12 cover
#box: 10.25 4 9.15 10.5 4.25 12 cover
#box: 10.25 4.25 9.15 10.5 4.5 12 cover
#box: 10.25 4.5 9.15 10.5 4.75 12 cover
#box: 10.25 4.75 9.15 10.5 5 12 cover
#box: 10.25 5 9.1 10.5 5.25 12 cover
#box: 10.25 5.25 9.05 10.5 5.5 12 cover
#box: 10.25 5.5 9 10.5 5.75 12 cover
#box: 10.25 5.75 9 10.5 6 12 cover
#box: 10.25 6 8.95 10.5 6.25 12 cover
#box: 10.25 6.25 8.9 10.5 6.5 12 cover
#box: 10.25 6.5 8.85 10.5 6.75 12 cover
#box: 10.25 6.75 8.85 10.5 7 12 cover
#box: 10.25 7 8.8 10.5 7.25 12 cover
#box: 10.25 7.25 8.8 10.5 7.5 12 cover
#box: 10.25 7.5 8.8 10.5 7.75 12 cover
#box: 10.25 7.75 8.8 10.5 8 12 cover
#box: 10.25 8 8.8 10.5 8.25 12 cover
#box: 10.25 8.25 8.8 10.5 8.5 12 cover
#box: 10.25 8.5 8.85 10.5 8.75 12 cover
#box: 10.25 8.75 8.85 10.5 9 12 cover
#box: 10.25 9 8.85 10.5 9.25 12 cover
#box: 10.25 9.25 8.85 10.5 9.5 12 cover
#box: 10.25 9.5 8.85 10.5 9.75 12 cover
#box: 10.25 9.75 8.85 10.5 10 12 cover
#box: 10.25 10 8.85 10.5 10.25 12 cover
#box: 10.25 10.25 8.85 10.5 10.5 12 cover
#box: 10.25 10.5 8.85 10.5 10.75 12 cover
#box: 10.25 10.75 8.85 10.5 11 12 cover
#box: 10.5 1 9.05 10.75 1.25 12 cover
#box: 10.5 1.25 9.05 10.75 1.5 12 cover
#box: 10.5 1.5 9.1 10.75 1.75 12 cover
#box: 10.5 1.75 9.1 10.75 2 12 cover
#box: 10.5 2 9.1 10.75 2.25 12 cover
#box: 10.5 2.25 9.1 10.75 2.5 12 cover
#box: 10.5 2.5 9.15 10.75 2.75 12 cover
#box: 10.5 2.75 9.15 10.75 3 12 cover
#box: 10.5 3 9.15 10.75 3.25 12 cover
#box: 10.5 3.25 9.15 10.75 3.5 12 cover
#box: 10.5 3.5 9.2 10.75 3.75 12 cover
#box: 10.5 3.75 9.2 10.75 4 12 cover
#box: 10.5 4 9.2 10.75 4.25 12 cover
#box: 10.5 4.25 9.2 10.75 4.5 12 cover
#box: 10.5 4.5 9.15 10.75 4.75 12 cover
#box: 10.5 4.75 9.15 10.75 5 12 cover
#box: 10.5 5 9.1 10.75 5.25 12 cover
#box: 10.5 5.25 9.05 10.75 5.5 12 cover
#box: 10.5 5.5 9 10.75 5.75 12 cover
#box: 10.5 5.75 8.95 10.75 6 12 cover
#box: 10.5 6 8.9 10.75 6.25 12 cover
#box: 10.5 6.25 8.85 10.75 6.5 12 cover
#box: 10.5 6.5 8.85 10.75 6.75 12 cover
#box: 10.5 6.75 8.8 10.75 7 12 cover
#box: 10.5 7 8.8 10.75 7.25 12 cover
#box: 10.5 7.25 8.8 10.75 7.5 12 cover
#box: 10.5 7.5 8.75 10.75 7.75 12 cover
#box: 10.5 7.75 8.75 10.75 8 12 cover
#box: 10.5 8 8.8 10.75 8.25 12 cover
#box: 10.5 8.25 8.8 10.75 8.5 12 cover
#box: 10.5 8.5 8.8 10.75 8.75 12 cover
#box: 10.5 8.75 8.8 10.75 9 12 cover
#box: 10.5 9 8.8 10.75 9.25 12 cover
#box: 10.5 9.25 8.8 10.75 9.5 12 cover
#box: 10.5 9.5 8.85 10.75 9.75 12 cover
#box: 10.5 9.75 8.85 10.75 10 12 cover
#box: 10.5 10 8.85 10.75 10.25 12 cover
#box: 10.5 10.25 8.85 10.75 10.5 12 cover
#box: 10.5 10.5 8.85 10.75 10.75 12 cover
#box: 10.5 10.75 8.85 10.75 11 12 cover
#box: 10.75 1 9.05 11 1.25 12 cover
#box: 10.75 1.25 9.05 11 1.5 12 cover
#box: 10.75 1.5 9.05 11 1.75 12 cover
#box: 10.75 1.75 9.1 11 2 12 cover
#box: 10.75 2 9.1 11 2.25 12 cover
#box: 10.75 2.25 9.15 11 2.5 12 cover
#box: 10.75 2.5 9.15 11 2.75 12 cover
#box: 10.75 2.75 9.15 11 3 12 cover
#box: 10.75 3 9.2 11 3.25 12 cover
#box: 10.75 3.25 9.2 11 3.5 12 cover
#box: 10.75 3.5 9.2 11 3.75 12 cover
#box: 10.75 3.75 9.2 11 4 12 cover
#box: 10.75 4 9.2 11 4.25 12 cover
#box: 10.75 4.25 9.2 11 4.5 12 cover
#box: 10.75 4.5 9.15 11 4.75 12 cover
#box: 10.75 4.75 9.15 11 5 12 cover
#box: 10.75 5 9.1 11 5.25 12 cover
#box: 10.75 5.25 9.05 11 5.5 12 cover
#box: 10.75 5.5 9 11 5.75 12 cover
#box: 10.75 5.75 8.95 11 6 12 cover
#box: 10.75 6 8.9 11 6.25 12 cover
#box: 10.75 6.25 8.85 11 6.5 12 cover
#box: 10.75 6.5 8.8 11 6.75 12 cover
#box: 10.75 6.75 8.8 11 7 12 cover
#box: 10.75 7 8.75 11 7.25 12 cover
#box: 10.75 7.25 8.75 11 7.5 12 cover
#box: 10.75 7.5 8.75 11 7.75 12 cover
#box: 10.75 7.75 8.75 11 8 12 cover
#box: 10.75 8 8.75 11 8.25 12 cover
#box: 10.75 8.25 8.75 11 8.5 12 cover
#box: 10.75 8.5 8.75 11 8.75 12 cover
#box: 10.75 8.75 8.8 11 9 12 cover
#box: 10.75 9 8.8 11 9.25 12 cover
#box: 10.75 9.25 8.8 11 9.5 12 cover
#box: 10.75 9.5 8.85 11 9.75 12 cover
#box: 10.75 9.75 8.85 11 10 12 cover
#box: 10.75 10 8.85 11 10.25 12 cover
#box: 10.75 10.25 8.85 11 10.5 12 cover
#box: 10.75 10.5 8.85 11 10.75 12 cover
#box: 10.75 10.75 8.9 11 11 12 cover
#geometry_view: 0 0 0 12 12 33 0.05 0.05 0.05 ctl3dA_geom n
